83327003
25063483
69384383
25191678
40161916
49070052
25686160
36001745
75642946
32924255
67842363
33050634
69364881
48794757
65163929
22558908
89098335
15073308
34691383
44228408
17256792
58498913
50293139
82801394
50240944
91905818
49076753
77280208
36233118
61463073
65448964
80383192
63939033
20844699
64736574
35775929
84293547
14745095
32378401
40688182
41556144
33691336
89016564
51501494
57107182
57215877
43713374
20741892
77205671
28504254
78786770
67361789
53654711
19308688
32535187
49716958
38914290
50068043
76144393
84914642
36183577
58614974
74142988
85989284
85703446
63800799
20030081
53390864
73849454
39444507
52643362
79785182
21611460
15631148
27744038
18749535
37996521
35203346
15545343
63395395
94441844
83669535
85770806
23466055
30735661
59660577
11115660
92818820
71460100
68231925
92007354
54966169
76116939
72108647
41881222
81047385
54627641
76424757
44161297
68650528
63316717
92365058
27845463
27270125
66176350
97545753
55746646
53168872
53153683
84764316
30698461
65205480
64068121
18528853
33399160
26688420
58576652
22037167
59023463
92680289
44942924
31463316
16338356
40897508
34602489
25882710
56704602
21278001
73142272
87615787
59392072
12548027
95954914
72312618
33587925
18812477
95645823
86192170
48498333
17587677
83369059
87190969
87227055
30622347
77763804
72983578
76465271
78288793
83697156
20246712
11527028
25726316
53168706
52246452
42909174
46957391
19042075
83714521
60027250
73053871
53949726
79499683
52497296
24882438
89840850
22002582
67365437
65832625
40255235
52503562
34941526
92704037
76830731
11263508
29315033
94426903
24960332
59961741
90526527
86524333
80220597
14964333
63457216
54216412
24206736
89915814
97393247
63686486
24610279
16004697
14379192
74142746
62882765
99431043
74713574
66900151
91245543
42903500
30656225
17640332
42410023
54472499
19294621
88738894
57328084
25956459
29492792
88702550
31251284
82623901
62734632
56925312
28255357
76910860
24264100
89514946
54581207
71759355
32668992
73534672
44466045
39116885
33548137
47534261
61230463
49369231
83545134
72188816
23975522
95204843
19239337
85684638
13876301
86676250
92789513
85075654
94645073
44433794
83000395
34384327
89739984
68888987
23646654
13464219
37800408
48605444
83247044
60180149
54763497
26784623
91986463
35074067
27464272
96772156
28480484
76315096
33119507
17945588
19203615
59475451
33115269
55189116
69520158
98910776
46019676
14031363
85108852
29913232
18177432
49919456
79293390
59732128
49437821
45004029
70845211
99813263
83868655
37591684
54633654
95508902
19875356
26814939
56444870
26811526
43981700
38878722
45030116
62366745
89548112
85866727
29663325
99052877
43854520
82615994
39518838
43281724
49599712
13546540
31898588
33262351
31510888
88753630
38051180
21905514
75683988
19880264
51253351
87423167
58697968
19081319
51335794
47239050
54150398
98903872
60444916
50414101
71597900
55891237
48514685
67624696
31102537
62675202
30237146
41844567
61384328
30643973
34862531
50774836
39332690
43395099
77880709
22201309
78932624
20908933
56015605
83794802
14754935
77701825
66402495
21528868
40705854
73811088
43152505
97661061
88595106
17812216
63164247
19188183
69957428
87240724
17942518
47480144
45901326
16798359
65450920
93546326
24794702
39143518
80556464
46881323
92502435
20423378
12927998
79925221
25521899
55141457
36493758
71662319
34615353
30019754
86769975
62217284
22447007
61893041
66430156
55333560
12309794
43344017
58509591
51254565
46177430
99594781
69297061
27546612
65914773
96420888
73235974
74551640
68770361
48618487
61798486
42830842
83504666
53829177
58545043
86675981
75099900
94403170
84687665
46589653
21328075
97811800
65419569
81765103
47678211
18832138
46543557
25174058
68547940
17159935
40056188
39174548
15536223
38764576
37622818
59080860
40742747
53461091
61286526
57815991
67922665
79543673
92398227
42021064
24837192
61841692
84162939
18013344
74735284
65426722
12670439
42370637
67576118
84790338
90505359
21665291
36767017
89749134
80717886
40056697
71533093
56293319
26894012
23259635
12280792
61456529
75183258
79025110
75065915
26750045
66935073
69675805
34747999
91853422
13290194
57957003
84970261
48423841
22763991
88910935
80607079
54835480
35362589
97798682
34453164
21242367
66785034
91262143
31651276
77369010
30708164
93441493
65041462
81852030
75311365
31469016
85329248
70275890
59420648
32829922
46427253
31464496
47032038
72325584
48938190
24012475
27311299
80790637
93183051
13147235
53917571
74832475
73463386
14045529
22000408
54614158
13492641
78759725
38441326
34875126
55056282
63680967
31131133
84711479
93715877
80622042
97902210
85481642
36467626
26738358
37351072
67055106
62755220
65737511
72631337
69420859
80586884
40668975
85153657
74895843
61095711
80288437
89971326
81263040
80648472
78229508
59001786
86579288
32899069
19516660
12050175
46408240
74511195
56753943
82067680
36406161
15937377
31088053
76351358
54594008
77098663
33130031
26179028
65903162
70879464
30844833
22415745
31167283
76703231
19647617
74434603
33064660
29230885
46909002
53240308
98331696
82056909
60710199
89313599
35751890
53522130
36216412
72428686
65345611
79272490
22567339
39973027
34979348
51011322
23385153
14639272
25808484
46096826
96625911
16448764
12121513
34114404
87587924
24446648
59971759
41616065
17980807
75429618
48622500
60199662
63699623
98182500
13893938
63961099
82583865
81244782
83331553
73298456
40685806
88929011
68977693
91845767
17985549
56990154
21962349
16296873
57920874
92872906
58370659
60592892
21323132
61344152
38940040
79941530
89224792
95067973
39604165
33152703
97751332
53903992
51183199
37143830
60979734
53468208
26216551
69150385
59140900
75989153
24762490
54634601
88787547
15886547
75009091
62667643
49328816
73146648
91645533
86015957
59339808
37913933
32980434
52892373
40043338
30705316
56086546
71486848
18473204
25245237
40816619
58639403
57088534
68531730
19639428
72924477
15677450
87779511
32862580
25139755
73473026
28750455
67269314
61722488
66582021
39407814
13135344
15265248
25764138
92907608
74667874
77132870
99351710
55285515
13712097
68872962
12331233
31720076
54183766
69888798
30665113
47027756
90326978
53252423
63739486
66250165
45482004
34253987
53610051
24658761
42237347
51300253
79610646
73652068
35585292
59436247
49886783
59653010
45255334
37917311
62979654
41164010
68950396
23786046
64648101
40772168
75520528
78628002
30122702
52938514
96384100
49486825
78944268
71430738
14362844
81538167
88943041
26954245
34521085
40998148
96361525
62112387
89358449
45896425
37688246
42894061
44688145
68894635
43780368
17426766
69572583
31398641
56878988
56170204
86590241
92918604
49474119
43663672
53508513
51035268
61633468
46293933
67834928
76463383
57448499
44830169
95835193
59357719
96529621
13282853
20484419
71926759
46826096
45284234
71740862
20247722
16519644
80191643
38036280
28544200
72521660
61116870
85790950
28140694
75196910
57773442
30703456
71758153
77693877
88925128
46293617
26640587
79557153
36998712
77587991
56894280
39123043
60204398
90823065
35448104
80654151
81002833
68557201
59271208
36862387
87624149
16620565
75911959
20111778
98558577
84869044
87648154
28292775
15208509
52803819
17329968
48173577
81379493
25239183
70115299
46837523
61819177
74352249
79493672
99768588
71743994
35356366
11232252
94984940
56218356
45922492
16257239
51574590
96494254
48905923
28575370
85286723
80738801
28604857
26319210
47089851
42621738
91002059
68825582
14415153
57806042
54743458
89537796
38284963
93725049
98452323
78130806
63362021
85273151
37551701
59241332
41816517
18346823
86646988
60982174
40308099
51498885
68755300
48116861
48860932
42400997
28075056
43450277
89338681
30956822
57946963
91751363
18948559
83972632
71755752
83632325
59066356
89767483
95035250
92682459
81849971
61461841
89876540
20790992
79116579
85573377
94659032
57031727
80378223
33934276
84051774
60151563
27214145
24743949
97314512
86794779
44980036
45004320
59077027
94632799
91000456
66846225
89600134
71167952
50235325
18663741
57274558
90951896
97519374
27644101
74559394
91979264
90055240
22642658
32907622
56319881
62756622
29118716
68998294
55103237
30515349
58224113
33146714
23290093
67873300
44577612
77086262
98925883
83966525
38520911
21813827
18681365
97140062
28162681
21991545
44447600
79305753
38072305
40427592
65863066
38326848
53965863
29604117
15522414
72858796
21250806
71739268
38803511
43316499
48607776
65216607
21746470
82119968
46770355
51473836
87004720
41709850
23056430
56523933
35973958
13236644
34891559
45668253
58518915
95284837
48152683
73357394
83633837
79922115
97259001
14261585
82911655
25489982
90784714
45115957
89114057
51405605
22174425
95538376
96389681
15252792
18361902
13402239
47656488
28362492
27618999
11182889
63274285
58828490
22201139
96457475
14448410
34820154
68565495
83079728
90566111
49264527
26073184
21591758
40355778
81360012
46119817
67579726
76936117
67390401
89703141
19986272
86305700
30746716
47979760
90342257
55721115
82403552
56828284
12262738
64113249
18714568
38485626
23768650
74599217
69219229
64772493
71095424
36607015
32808581
33965440
91053475
45784879
16381582
84788244
52121374
13179201
77151622
55622052
26094918
89807041
19178333
65159637
38472491
16543002
59376201
28590467
79038320
85933106
23664058
81133968
69796575
12695682
12079976
90992664
41299095
78943746
83409293
61759500
51096801
85275342
80980183
40363088
64084066
52124872
80467999
51903614
67076829
63531595
30564401
94743520
65337655
65660947
95925513
32617161
58345382
61821480
40971656
18170856
66952011
31649084
64625390
91862480
48395965
95072995
34453878
78593785
69451608
61144172
80214703
54476268
21115106
23604530
85699896
17097270
42844651
47151423
37045522
83510046
39232969
58947190
16837597
56088738
34296419
59692630
25174899
69020827
32613001
13399119
15740002
25205406
95737745
26448368
44282929
70527725
82590627
87536607
87805943
87560315
80784512
32216537
61795330
55464892
84512872
44855626
21363231
26312741
31334937
63931279
26196857
18435091
58629092
33194303
45119584
51175125
73247569
15783125
27641947
49522363
74062687
88392211
82612828
49858730
78494793
49194942
13660271
98118556
81552318
99527602
14873418
81558827
98548112
75936960
33169141
80621270
44025083
59175811
87595436
14183288
54718721
67802441
28355179
63627386
91855389
99709147
33053500
34102414
88584448
56854317
74377624
74705061
66780592
90748589
32030589
83906763
33290452
19207647
84912710
52752604
73957327
45817894
66410082
83388827
11255058
70589196
11222289
65368896
96458459
33715110
19580972
88449645
86382137
38169655
99883710
91860946
71555223
43142073
56847701
97237432
99882597
65195606
56910580
13940174
55133427
83488089
89483220
99242104
77156400
78095495
51245740
27737504
16371795
54937698
49012609
19749036
50446044
50670921
37662084
57111181
66749661
91979053
60246198
71744062
91619387
83427365
52472843
27131681
88558171
79362078
89500884
40971599
94181229
72843599
15941278
26599084
32240878
47154428
57375811
65403814
26969620
31470002
77413028
56770897
14174687
58250876
20775313
25923121
84614735
62553198
62763023
44174090
39732319
39617039
55477228
72365059
90773864
45580721
87299080
72675020
57206108
15318625
28152494
88539516
17407719
56769498
47830230
59425405
66123374
64533924
39738269
83028486
74809255
60671114
87748219
82208057
25847942
39082513
63092993
84414632
52601347
19644093
80549600
19709320
80155862
99274010
46632085
76650059
63785691
67584996
40567601
49287510
36969970
16367005
66163110
13022741
96691555
27564391
28992073
62791505
56800677
60082971
15432691
35119474
49161332
61768869
29689630
94162772
21205446
79443906
83979189
80059813
33299560
29453488
56159277
15641243
72485102
77858226
55935164
57331069
97481867
14553111
41547854
96457905
73113936
15268765
87055679
53614736
75961529
84120095
27727592
28280541
16847049
12789920
60885488
33323718
41168784
43071067
93454871
76319252
87406966
96009630
38062488
88508697
84795915
74542032
39296702
72409411
75078903
78785208
60214581
81836849
79924903
59551680
12166410
22031544
91685036
44741662
82186701
94036321
86407895
42787565
24359252
18950423
17058555
81171958
94967401
25168415
90525704
88369836
53776046
88560726
32113649
55968549
91926888
64091609
24313485
99698629
52238008
48254901
17032731
50309706
77183905
61052846
45168942
54130238
51146733
89437993
21974732
42611204
67352721
18484010
31584107
24905119
73816595
27210678
22195224
91894466
97664227
36702643
84478331
81721192
99627819
31953170
65407353
21787256
58866000
83089735
68721184
15831744
53370946
86304942
96912394
71437516
70956776
57219925
83960516
86017960
34029526
21088291
93339161
31256448
22233976
56221949
56125853
83015600
29989398
66116787
13531666
97467877
55295854
15137463
90243846
93809769
20849527
83935233
42250296
64692495
20363009
20917797
90345174
94807287
22191347
13837701
58183731
65656124
97359280
65830843
65866378
55723032
56241887
65864311
56793566
22036886
18590790
91911073
44208700
21554408
84367439
96510490
58973211
40369729
27263292
52353939
60803570
85054297
57077206
19217070
90671548
36668305
44985360
68856514
45968220
85211644
33078575
59575246
66732116
53135544
75905584
13405585
52204031
47712693
60190106
46419148
40696617
31074771
69853120
77625444
66012323
74295799
68314924
16474821
95528771
30892589
82413164
56047433
61109448
26018353
41922582
20131989
73942194
81370636
65068861
76802801
97385750
36136926
18710175
32943651
79106696
79733413
97888184
51265614
34282344
13168985
22339600
91091510
91124975
42375243
61715256
91654267
71769214
12347568
38254968
11285877
16552959
89040594
38614586
25769110
16333731
31756790
65369888
24779963
74947307
51842790
94256812
77334161
86847192
59600658
42891969
26096425
58728846
48909312
44258655
27922749
28839928
91533614
85540239
30724355
21892127
19226420
47885252
11163555
69667082
24800967
79212780
96905202
43384761
36649575
78278543
87793341
81327083
78478070
35528259
40789106
69952299
78357482
63953400
58404707
72799029
28598886
55820252
88100442
15086945
49886046
99011920
99021938
34493527
53198187
70367226
91012891
16503523
23471501
68784547
67940953
13373364
80955345
51353563
13025459
19011734
12070499
66161050
65622353
24815450
26641182
67665110
98855797
16219780
63372553
37875954
74649996
41401073
30534357
97804760
81526711
16766303
40284380
13867090
71297515
36628081
42938012
16702849
45539776
44576842
64724249
75361395
76049734
95233847
23431816
93404156
33095398
46482167
92232312
54206434
92191416
22720002
24381124
88723004
61366379
18134514
38822915
97480158
75616763
33267632
30297668
83277324
28146611
47902638
29314962
39867239
23666422
80524126
89553970
96066823
51368117
81240873
24857934
45595634
20887700
72313830
58310940
39354294
62691010
35836639
40130843
37785773
57789773
32993414
99103845
42690846
22255183
25804281
22213686
77445503
84820847
31438283
74875765
30431143
90496807
14040394
62404832
51758347
18367478
27032436
12387083
12746140
66191577
79794197
47035063
13629850
44565761
13970371
58849751
74297194
56515280
58316268
68631010
44456105
53148867
57424699
43250850
74140354
99427922
91403819
89838107
40552260
18528013
53337015
41460381
23902679
74691218
99382180
90984436
23564160
53416619
68473943
50990547
83583472
50565179
49816896
94872083
32887993
19210947
31269161
76275483
51558597
16617175
72925103
34776087
23660253
90817395
33665844
20219166
18248926
14530334
25609823
65797002
34295766
60967984
71405712
54415746
33259227
26741706
14001820
72776663
60418309
30110725
11685650
90603639
69256916
43878136
19072052
79508636
16362585
53924432
29262254
85502008
84475924
77329138
68741008
12585168
46108523
93350465
83275138
33512003
32404890
91247468
93324065
69517773
67446942
65802942
43500952
51447470
66948835
64657201
85366326
60950052
17098557
33304722
34680230
38818004
23481368
28852989
55372143
62738619
52956736
29795259
16733590
95886562
40078084
18677632
17689908
57553802
80728831
80952076
33567726
37698354
97066411
24309250
69165923
19184444
82754462
42685369
20629586
27255696
44957972
83673951
69428610
44148999
15295817
43437387
92000068
41959984
60256091
22400891
46433659
66484841
16097313
65965656
60897156
80838169
38907782
74727438
54708581
94072304
19808602
38357380
82751431
54327694
79843676
30902593
67068698
27766572
70298189
25304744
96108681
46745867
94516610
96348287
54601805
30075695
95871890
64781298
13203187
70814322
91450024
22528147
59389836
61061689
51821260
48952335
11707811
78488348
47475676
54608444
90160984
80147839
35718083
87854842
45236051
90735431
37477795
47311829
99296113
40024306
43214680
38910688
94750312
26786344
66905784
98417995
28020629
76507854
35557138
21712631
42180211
21435325
63319986
24381555
12025173
13838812
45810923
73520713
45741057
98129862
19223075
74037756
88558130
27070187
21612100
13301932
48213389
74035584
99425859
67885708
36656311
69674816
41827361
24518830
56780945
24758827
81634926
61599280
77849041
15424537
56820057
45555685
43220230
50877388
72288604
38671901
40406609
37767042
87815209
55566313
81699109
34236384
40824586
80115045
37337989
12765910
20277729
55461838
20947383
45086912
44013870
57344472
72348660
59215392
23124141
69224419
93782348
44964127
53846661
96113158
49128977
78442327
96369335
28058040
86914698
14815586
73430082
67337482
91722433
30896345
20056759
98703512
38296555
30313349
61086083
92786699
69780352
36648623
92314942
79414220
82966697
45737694
14804338
17355076
80162371
37736772
46601916
21469262
47179032
91449372
18560336
20022850
72862874
79574866
22953180
67911121
90880801
93157736
94568401
86339361
75160043
67019293
70744801
22806036
39737186
78226809
35049539
89358573
53517489
72076616
46076690
27994348
33371271
76300341
60948091
81360779
35118200
77369480
64118214
12817654
92000182
52370713
46625489
55370407
36219310
49180521
41048872
73336683
81473413
98899427
49172205
12416284
54288631
42102794
62886558
46706175
61088935
12431409
63976687
68997566
54510207
13315462
85261711
70004501
66994003
60192681
28364156
76002017
81096063
37386881
91728100
70575786
16793940
22018220
79456827
67419635
94171375
94101830
41117525
46692923
37034206
87403929
68572106
70991947
77182933
39683909
56196584
93684734
34094182
52396512
98140660
12391194
30151658
64425543
83133478
37794807
86127955
76568999
71902183
46894364
11506909
83987373
74335714
61151708
21696556
82038462
72496376
56772705
75734499
26583099
18432362
16489940
19238484
71774577
63735366
58674293
73606024
77906855
24889867
29468579
21272724
58654661
58886914
69464563
56739826
95650734
65426149
97734005
55102794
19576657
74281285
35543154
79285267
37248843
30416522
88233255
64449842
26534872
41512806
38441692
65177821
56584951
40346510
22963775
32679770
17805051
94602875
78375942
18937426
88695467
96787497
99388916
98580903
24207373
99716885
84497456
98026270
41892411
42367123
96281048
65526828
20126017
27039127
64037861
62750484
74860812
60374905
68363088
60332774
87672236
89386531
41564112
33291100
74142186
42460220
88337912
24185012
53814218
98976325
92252145
86218242
43752876
41978108
99792500
68719417
34436672
62617828
77666587
36217222
37461604
72131790
57785156
46126361
46158852
67536620
36414918
36768669
49886834
36849543
22380436
11759879
53697147
25436661
33838134
61903857
85580894
15987244
69655846
44116400
31798581
56439780
88596752
94312133
67738040
26465938
53729353
96728083
99714510
35334843
41174038
27808323
45396466
14909378
86995277
48687218
21275173
18615815
62200410
51983744
16081802
51637123
88364766
88558250
55123230
83172501
12885558
70712048
11952598
80169346
93941995
51188571
59339929
61660361
50889597
21112826
42828679
18108740
16763024
80255028
24619521
80788799
12037647
41382328
93585357
84727666
98101949
35711982
47684683
82108733
51516533
94895900
84440412
38900082
42132943
12199949
53205027
96872411
59928591
38132087
73960575
73953475
68914851
25504136
23465392
29820118
55888866
41597006
96270388
89458395
96916792
78206708
64400209
70182373
56595249
72484288
51581692
39719336
43849758
75011461
63882512
59223079
72454575
50817527
92795443
70531756
36125888
42848786
49323117
80730444
29821658
85667075
76332030
54951469
26041497
90409229
44091463
64805005
66076230
77099289
75459129
16054620
19476634
32054341
13113670
37279982
74065927
16560475
98509445
40275963
44588258
20950493
81061688
92216981
74514513
70439546
31153289
86001310
97290620
25782520
58158144
12859220
97201315
56738873
93827007
19657830
75276905
32645622
41572879
60760322
17436085
75685525
87487079
21477500
81939969
58619990
17654739
93629157
43203954
78449949
72307661
74321305
27055935
32355929
12320806
65088837
77778943
94864080
21625545
50924194
72567234
43334108
54792099
25288368
61786937
81503970
14691551
96865104
44144827
99784045
57586152
81816443
61472269
58185649
23007134
14677816
40293339
43787792
81430389
60796992
72590905
25417845
13924083
38934872
49405508
76477252
37407556
26823177
94459155
21714028
29559655
48702953
79462365
80921257
46024511
44402929
48549046
86334945
13680387
42639137
28838298
68552641
77564371
96936108
74759362
35807555
24941983
57649105
89358820
60675930
14484435
96345023
32511527
82330680
65977451
53798986
21715969
61341655
15864665
14547010
89470910
21666858
84677444
53005591
41273542
47481124
32323528
17116367
71356822
13404595
16269071
79046873
35946808
49424071
71659113
52398120
85553966
27213540
86769011
23442857
72121250
86595624
69008366
58107058
74244882
30706384
80482790
40233628
74905041
26444992
47741822
94325099
60252673
19384136
77350425
72032407
52939385
48750729
95905878
39165438
80449920
24624886
60631615
34703254
66283769
63308579
44444957
60537407
61201550
22287950
48984153
23749388
38187619
76497280
34272767
50213280
17978101
62436231
48563267
96374793
13177253
13936806
45666010
53283987
73042686
78309303
68407732
92143882
98155739
80756605
29087375
46836197
30458658
64465080
27806902
45606547
68572392
67976583
46794995
72021466
99053249
96663257
97557999
51905181
13946346
97885614
23455771
84009905
27466496
33370452
52543134
36736441
50613165
15562600
29196795
52774049
97673089
65366354
38832435
46849170
34964993
19240745
55554879
24509849
65833664
21522437
93861313
58738619
69150476
64418406
82659858
83006549
28402755
62972499
72545878
98347611
22837707
73251521
98502300
35242285
74740845
46079386
70152805
34883401
45065149
93990932
55868224
47821185
36373890
90909301
55551797
54286244
94646046
54245888
76952163
46681131
55926039
14950105
31085714
77955159
61015911
80742320
56251146
39139121
57376290
51285151
13111058
20384494
73181981
17019113
94409743
14979765
68274138
34824859
63275030
81693709
42924225
66540761
82297995
69804539
89666475
54393477
37439441
54135680
16028182
16210318
29280260
39780654
88473638
11462542
21811197
39347116
44287378
28800932
97705165
71458698
41467572
40771203
78486799
90828701
92097183
81705768
69702021
16445957
89327673
63011725
15179813
24727409
46085899
93901402
14232578
79410405
35700582
73331313
95241666
53807727
66986092
36355195
91404632
69294216
90556890
33243501
72217087
94154329
23724142
65806675
12290480
67769442
74849528
37495091
91495676
19582507
98749738
34532125
86204673
92096919
36159376
56992841
17471517
58340099
88567292
42554110
98430518
94560980
50151040
31011881
37174881
14351281
38877806
27693098
71488637
86996822
80606262
58457207
58057810
86906332
62290263
58363053
18676182
39149983
45062051
81818925
22976301
63219250
46971791
50957413
98243938
47340818
26108842
62862659
69375490
79212828
23296885
78460325
32343207
61038842
89740572
47673823
75653058
14009082
64326977
14680586
85938664
87350225
35553732
24346016
25140876
68705857
27470568
54779028
52473021
35907188
12945951
97624157
39161763
72768749
58047127
40431806
97501259
18800716
90702809
68735644
20239789
78514426
93588832
71002093
74616289
89329538
28180473
41698871
36484304
39264402
73303326
60984603
55458077
83851354
73178212
93764176
42892739
39262376
78515071
28622518
58144386
90200356
37268427
85164136
84138305
21322406
90434003
27546843
11869076
46739093
92537640
59608476
85797392
93817698
52723317
84133152
44125100
24328770
12404572
37364813
54818907
86543427
70526742
80642144
86970075
15289670
78203326
68775769
75726151
61269082
25801148
45722519
33054470
57025257
24844602
60763570
37929422
44466966
35962731
56879369
94010677
86805250
67071293
86948803
18840405
16309587
55344794
23143500
43631893
40489023
11866601
98680616
16313055
82159904
77359428
77284818
32774773
11258684
43976610
32315060
98030219
88908168
26588790
53453878
50384832
38836150
60411693
39146968
55512655
38951995
21471485
79756963
85598707
47724612
22887041
90670135
39231120
72521944
46765743
21542109
99747846
40999667
60226706
72941453
46130316
40826804
45491841
52481117
67162149
52498020
43558057
75031533
58654715
85167350
46235968
52829323
21394276
20073596
84719070
95561182
84604063
51413080
19199850
33618332
32290932
94880118
33766739
73429584
48625664
60155045
84841647
58413430
67636429
72394961
37570930
76058063
11946033
57322739
58945127
18738977
49842946
55154858
68859615
33791782
68866037
82613797
91519560
21776695
95907235
15506117
97521165
62200905
92084082
98730375
25155898
87548995
61678240
69821173
44090420
32176851
91201908
15350428
31377744
91883733
91932496
14070919
80392394
49243135
86265756
17085232
17453055
37435409
32515104
38394728
94016995
60219549
64148114
71171698
42765729
42675218
32629292
61385134
39780187
66085040
86256872
18370073
31196179
33237171
30462079
21287156
65389943
54210427
41862265
95192663
92659286
93579686
28047011
22121002
78058712
38334252
94715298
20680139
92836516
83281525
55338883
54176675
88598350
19481030
15644552
66344292
76157074
16404708
88364596
84552920
13406367
15462206
28360192
39443388
29933124
92836476
84638876
93887488
14742231
15899038
43027166
17606069
30355168
76525721
68451419
21644732
65342191
24242568
47312350
50844313
91533846
98631996
79639778
45722675
85086083
12561960
84540498
23347439
25646817
31472190
41420804
54652624
22701760
58437289
13994376
32378539
24419807
14006937
30160604
71963045
41541629
69440297
87878346
53384581
58797409
87951738
70200904
51488478
11823721
54982516
24500895
93743831
98577289
53751328
32552469
60709900
12198091
46914173
33886669
25691699
34500150
62689397
41738300
55780651
79150120
32471023
73412972
18463478
43623495
40836187
17372311
58045209
26006022
16540797
22297545
44918431
12797571
44466837
60876383
18995742
35569160
62046871
89303688
91317087
96893427
35693097
80036063
81804349
68439260
50073920
64850683
53524832
52842584
67953264
15353255
13823950
39576878
94468949
51195765
22513408
17502159
46018957
97426473
48753592
67685554
58737535
83577591
73439340
97366248
77542709
76765827
70867302
22904171
92960676
11979122
85298021
85900047
77149565
21230224
30678029
22614795
38218252
65625627
37071768
83486332
99633026
30300825
77671738
61213615
16242201
76700631
57019598
37253183
52155853
67289397
34400969
13817401
33890863
98160020
60127490
34689843
94088012
60918557
39110272
58312528
61832650
88823248
11558206
35530160
30908532
46077446
54832941
22139751
94263537
89678960
37047702
20484045
50361499
77198230
84378379
54053596
11548465
65855119
58152388
12060900
85253175
54495775
81326573
80224792
36687919
94109824
78924819
14167821
38870696
55984683
65008427
66318075
68927301
23957485
32875823
91337166
86716008
41213495
71464805
86405202
35093047
54269877
51376106
42434951
68411364
65417335
59622034
57687645
77045816
64633245
45089716
14662287
70917992
73714118
20922676
45061622
50193990
45752628
30139482
87581520
84934611
46482883
28064139
26491338
40778085
94590558
85467180
35739111
81005574
76746619
83528392
62578787
35838237
39947123
80595249
47624753
81504576
53954342
15597763
52434217
35399965
35493871
92167527
19796060
57969044
95206750
62087460
71924594
65748871
16676338
70780708
49864214
34866875
72491490
78136812
34871286
81992673
82604783
35139510
66020891
53403954
17568503
56350596
98161377
30347883
91344243
33627713
57086163
76555847
45029027
96400088
83297184
13162089
84349463
60407665
26036684
20685847
44610550
47865326
33576429
59629738
54015400
78400969
71769768
90412051
98941640
55040874
92734291
27113879
24343350
14053254
13777086
39804499
89223512
44075148
23973672
23019689
61693930
35389887
64217712
80333329
34289612
69086990
64189197
27142513
23481502
89731489
15899905
53361973
38818733
42960339
56455658
63458463
54901795
93968672
71350249
47189673
59028380
72924764
77914956
87229575
26686894
68191205
53601591
95677392
18343945
31618008
49077106
70402681
94325618
75470897
56454711
26984691
74226974
81788192
52902696
87988066
31635178
21979599
77390376
81786644
54109395
24209533
89457115
80857986
76739045
69062450
79458247
72845108
55532315
58373713
63310798
13971679
35331744
52445439
77131413
28845048
11428361
49306933
54281557
57996029
17980055
38595207
51433513
98948447
84615809
90001761
12081753
23953766
71671505
15251706
65487705
80854907
54272492
24656882
68408357
94540714
28628367
70173923
53201347
62958828
62419265
19197741
53984696
38468442
27327929
81611094
74364312
67123509
53904388
18935076
88142889
22211411
61422445
88887843
43732153
61692704
56994134
69150406
90583113
68678017
11882452
72694207
41867631
47359136
68335364
64624045
70763752
71215614
21834519
44122026
96655984
36506181
65978526
98047709
13884636
30262645
54121913
15264504
58062377
62567118
85274981
38807502
48622294
32083383
92052633
96738417
23865148
15312789
80677081
32214109
53639467
60321378
61347512
29458566
26197193
35350809
60868739
93757291
62879134
51727888
79610599
54700481
77540452
44435869
75731398
53197164
90108708
83732010
40093434
12864889
63171977
43766795
20960403
22455721
12556829
64232693
59796506
23317966
11211746
96692942
19753042
30866980
85442299
22121346
15046342
94615548
80344016
34137117
22501169
28454390
29533324
83062254
25870423
27993437
53216954
71353703
68305919
36450613
19568570
79252842
19929542
65042605
94985234
91026618
95106920
87350541
28066170
49358845
51736378
94904836
61251474
45668844
56448426
66346644
94320952
95175687
36729598
28599052
26051035
87651531
13494299
57338463
30800576
75949688
55585029
69255839
99857099
71965373
28744392
12387306
76951839
40140640
26501369
54110771
70203103
98311439
23500187
40657002
76026548
68859753
47854194
99575896
88806926
96285294
45677801
17658988
91886001
73710008
26726505
47246334
18757920
60676138
70432654
53762288
87244562
69746579
97648359
39725712
57156032
97982566
24312414
46082018
93206906
90304958
13867492
84624031
69347926
51051893
74009921
33475700
49575107
52972308
42835641
33171472
31543541
62214958
39657592
19522332
27914795
86355419
26114824
26679787
82671826
17246315
30899370
24996167
63000145
55385524
30655684
89072847
74217590
43945166
89439019
50318485
42452005
21227812
23972691
83528960
31771307
70038247
75405671
89389500
42953711
77849216
14195445
80677395
56850393
22538474
78259930
83973257
46197724
81793402
57731485
34892741
56939908
94506811
74128769
22218964
29688361
83547035
43391531
58148473
28033543
44269487
97209224
40592659
81864006
48755071
67516912
26242873
85434606
87301494
28676645
24267825
20580422
56995072
12332528
83840080
87870720
80038058
84144505
51848515
78580901
21770766
52822353
42662440
15612246
57873896
30142017
76847467
49588025
43737181
32160235
89519339
41930673
23285858
50036685
30764456
33246026
48294543
49516118
34641385
50971268
29556187
22697796
22966703
21584446
77806288
52815196
43797928
90603305
71775049
25580295
85597339
77062073
46186900
61183865
18281663
17467127
21896471
18157823
60148179
52340098
55836899
94010311
20237439
37493372
44987237
86541478
77931527
35880671
99150145
61982524
90817800
84586888
91527781
19513091
16269750
36058705
65612780
39094863
14598434
80585734
55657770
67289292
33578514
43107009
16271216
38998385
83889147
40195357
56917436
39946043
25986233
19642246
78957268
14673145
74873054
54568856
48937825
76433349
49038418
13685634
32411393
40371499
18110669
17130025
24847042
75372094
70926163
19079442
56263327
82002173
84163614
57776846
94901685
54974643
33630806
58790303
95185554
11558401
52595398
27568536
72822541
46272871
60638337
42488727
23353421
69795714
32842672
89237049
26783993
53052757
56909667
79911233
43883171
73716041
65091024
86576362
51868460
60226175
54645141
41617951
50661616
62158920
92514656
20532591
67479931
92289453
47378830
87853747
45670329
32816830
95108498
25426083
93158076
64344678
60441122
23740377
49176483
29443517
76972693
36225334
99078228
94794858
67501902
99036824
21923088
29403388
62736376
27897066
94648207
33580602
56135952
51883540
91538511
55475119
80020951
62429857
36726269
32344999
46673799
95776761
20424521
62988239
34967529
70056239
15614535
94313918
11819124
71500964
17352356
25799287
17911991
22552818
22955154
33806451
36230421
58672502
52171915
42567668
37959264
32880927
49977593
58775315
63047947
19222384
13349467
18069222
22468059
28146674
63615648
67961781
63829559
47570641
63721652
78737589
21017802
44953819
14702313
93426288
44836434
35639285
94637499
60036050
25502077
25307059
31176906
99635423
86168140
99759120
69441183
83825631
32417708
70776342
22291187
80155505
80210103
37474673
72789780
59429614
49710326
63822383
62916698
33163057
71522469
72930594
38894252
84037709
82361939
61750199
69512013
33405397
65575979
36040985
16146659
25868248
95159761
59583625
34989616
53067221
65359270
30886585
22325188
50328698
93970729
60756217
92209876
57421662
16286081
39831154
41865277
65136266
96355351
72381709
44189658
63520097
55328257
80257904
27081232
89478408
87651756
33210307
80567305
65383569
20529093
87477020
34374144
97930508
68248643
45955716
92987596
53333445
95268026
12665478
60232522
25805745
53537070
88415295
89290198
13608134
21504898
91652959
30922385
97387121
24082845
17130140
48387558
30702144
76510593
34948234
93397372
76215562
20858860
46148272
32801751
44894533
86388432
43177059
62213008
65927440
49459892
46630043
22926246
94139960
45546534
53155655
75075018
78242666
83769413
90771023
22500910
68000346
65646497
55388814
40230870
32091333
92933830
47461615
18366836
55595140
48593520
97994387
63059507
82199438
27392383
89669763
25107104
81865886
30341660
58944910
93540846
60201448
12077097
74878736
74129552
97977928
86156849
44522535
45967492
35200162
86673314
22481223
84919766
79340191
19406316
35389671
42921142
99719694
75230931
41940512
27445714
93140411
91359226
16670202
67174467
92263286
21368853
18875484
59957883
77424113
42924998
79295603
39485789
26957529
82981807
58176195
21876676
35205947
12525398
28302221
96790403
87562413
84906907
80570720
44149697
83807122
49690959
27954335
77763149
18232480
89014314
20513093
80661937
93716172
65098573
15144170
96282729
73211188
34915179
26463915
23751461
80825114
69598576
78508626
63297099
44624155
65491851
74499889
90736731
53849862
44859213
68448139
26052060
69657634
83966056
32115885
92826314
57724841
22732857
85054786
39987252
21368729
72780320
45617340
54882784
83312846
45091169
57565476
62193945
46154206
69249641
84056748
91894740
50555344
83053766
67027974
65561710
15127525
69619320
22045426
54141472
15446058
68070345
94605915
89024686
84273003
95587472
88743766
40804441
39713459
76212643
39707530
86940333
46424293
58008282
21409723
43072883
79013531
67984947
65961836
73510123
91463817
50761914
19276085
46815970
19449904
26618159
31296874
21929925
13350639
51455595
79962506
20557617
17734170
28582450
17551534
79363048
44975694
61313701
18112788
18229935
20314011
96048196
13736086
42920243
19589420
56708965
39688619
34789151
48966552
15095235
17248569
41352846
79827523
71825245
52028993
95417998
93131736
28474047
44512565
68911010
92955845
21988542
99802495
33839890
46171338
80442393
97558500
47934455
55819413
85488747
37518166
71076661
43918402
67717685
55197638
45017799
90276987
57352975
78409347
35625004
92513674
22833363
81089666
26724502
19418213
96930877
66903250
69645377
16136473
74464642
20669627
63510899
53516264
63909201
40747379
39952321
22729219
59443773
33439135
66622501
56627844
12662418
99399953
37732816
53504999
24921663
67766938
25351853
76011833
91594782
40889567
30720665
28301936
62580394
26629283
81774211
90514153
64113518
30737340
70799948
11668976
35152045
71089904
72790266
68787975
20711936
18815381
35182539
65135277
21804817
12871623
29217851
86468018
57632779
12965248
33606750
28865579
19394462
80622190
51350825
58459402
98024893
62566092
74116313
77268393
80600230
25458465
48679255
13426385
85436651
69388945
26409936
20799906
50068939
76333955
23269455
75716412
55689990
66031276
17214211
46139620
49101591
98240821
79702897
95396420
72498208
26469938
16914920
13202256
19879256
91748734
40812505
14757899
37728730
33330040
91386169
27450175
39087039
62084022
17114225
54480647
44410694
18118453
16773274
26658159
18308267
67684972
89629453
55274695
77190817
96162827
80405648
86272061
13676744
16622596
70945629
34232956
44223445
25054905
82130317
77263936
48983095
54472546
64309938
38839476
33329172
74384695
59185087
80539636
39516990
44720738
40624848
94697607
62454314
30258133
57694766
80489374
78449929
50862195
80667838
50906254
12322598
84983519
19219450
92005950
54044944
30492994
56226397
33271448
26683025
47850984
51833537
31774542
20647120
70497488
97842340
15264037
83562904
22478853
20568655
49932240
17205043
45006807
98988195
21177029
32519904
78088541
81856671
96969851
46787129
56418948
38861519
18458380
73684033
43995512
29958011
42202366
15602375
92447273
79737880
67841002
19443969
24266119
71725318
17800056
94968275
90923023
89213555
43985268
74840929
76310255
36340847
99480374
52361585
44305466
62034624
90374220
45890820
67876812
84674618
85099882
12216076
96353185
84742705
34705261
50372364
70714694
81677713
32936650
97407456
43542309
80587519
72810170
24969176
89266241
40939639
89581480
84276356
46270814
81126259
72032143
61436329
24985239
74397671
49222531
52238335
54152553
36909432
61398218
21217991
80171724
65266295
96229078
30948092
21611435
94506458
32166949
58021896
94352535
64591372
20749232
53819999
64519476
52719015
31298935
42402225
12761441
54626077
85253625
33059311
53909988
26752941
70613435
24268486
79768049
74941480
73904870
60955856
48781676
79261761
69575515
25972205
91717628
91836246
85668650
98519384
47815203
84524360
25950054
26356235
19306120
66239973
56861661
69518256
16915883
76276763
20235914
63890961
24167479
51949901
62342339
80915612
63517189
24522891
85020109
98577887
44914812
49307923
17036046
99439320
79164853
32080340
33622948
24260001
98383024
98053087
95695740
23471949
92397600
77908677
24359861
66637523
94339850
40563360
16276829
35170829
86217562
51708615
54044565
33623257
48991236
86693367
84042908
71807722
33799701
48340942
17984166
65006270
39273605
74752267
82026374
47263139
97070693
84478567
97314363
27142466
24987945
41401160
98998977
72801582
61200006
31112465
61069795
28659328
39602039
42583100
70938811
13183374
78832921
11694059
36840932
88172823
54279867
85300395
61873537
99832997
19025346
34058471
40226687
44502218
12598762
44198051
23949424
68737089
24047711
79683621
28502092
89024259
43117227
88691581
91119749
55422964
90799304
63412757
95630165
40640702
73160846
62812271
98381920
17553833
71378124
71579969
88506700
74491050
36197644
65024353
42013329
86059322
40620416
48799841
71037267
84554918
96426350
92462301
24919171
23188956
76524229
57375939
19952154
79077347
32982739
71075634
99891338
95048892
67793626
16925096
52177869
39534720
62364910
12651544
21310085
83819584
58683463
83344866
39703488
66202458
37909131
77287324
30174651
20029143
94237820
68426457
56664915
83355651
76439041
74851470
37077162
61230801
68676205
37447172
61998884
73515493
98663753
74837685
38362619
20460699
69300019
77230447
82000060
30285967
54855307
31148974
43061104
59150656
63660003
84134797
95482533
24826485
42591398
27239271
57416879
22896802
55555524
95911144
17985570
35441088
70931213
20498914
89347796
33445679
74996807
62529899
35529926
51330792
71634567
36775008
73489831
28871659
48992298
69720689
70635907
75246547
44261969
95467211
24085253
88165965
84483499
95033909
65903160
42182201
83489881
64844670
50610580
54561585
45073329
71056956
16972181
72554645
34432702
85857511
13092906
73450651
62462071
28238720
46641823
89269609
77781255
29800533
97708858
47346816
66537496
25097867
71319812
75952454
81607340
29001181
29539923
94115772
29104301
71221021
84650688
27263266
14081517
39696993
95987329
68798770
16962071
86246562
40559778
76927544
49434455
15561472
80609044
82966703
44406568
90982915
32524715
83479209
74691555
29531082
75850499
41509527
61681098
50167625
90757673
17132556
29861111
14424633
94000173
63218298
73075736
18807004
28008691
58133770
91341225
92959060
67381276
43994374
21143173
80743505
12500771
26441832
56528516
48518148
11405334
17386690
68902281
66525385
32692601
58743113
69923946
48630370
49912631
67480764
25878936
67732575
75064602
73816892
63936688
95848167
50396915
27553393
57339934
72534694
83425627
13452626
35826297
46736706
16731542
41931663
46699869
85530662
41015464
92128757
47932129
27463445
77124411
16810721
42193614
45336379
16131200
52791402
77776419
38363987
11594034
41836588
45566659
45417162
84396772
82848962
95837801
90692682
93358108
14067526
95537278
68501858
88356535
69946055
33242973
59518973
87534538
61977939
14498611
75526372
80620733
68170374
23648998
61261151
79533683
43132256
77220191
30575974
32932073
57397951
19399865
93252501
93050999
27492263
37020390
65058506
22418936
22670618
73643697
83865250
19922102
38418051
45461830
48506926
91450174
31912069
81565715
14623567
44626743
83478629
89399985
25194351
11976687
62216736
49182324
94580774
81532202
52323683
19140303
49318665
37891566
11171799
56784440
66875664
42783778
77127358
71203058
47209399
90951512
68338312
88897735
39898327
29326288
13814469
86945304
63768476
85306515
45776104
70410084
52030146
58625896
78928555
42673861
29656984
20486598
74764190
47750050
13376593
69056205
51058323
13741943
16242075
70273836
12228015
59679599
89951399
82064483
81758065
50230994
53736914
58981475
80757511
63410680
44750982
73898626
83923184
25874720
60455196
11318369
21194180
58935500
75318221
93893712
87563543
21597819
75671041
11118015
12280164
93927803
27910489
96962555
55269795
86063495
70274032
26963525
56966721
72717610
80353891
73919445
35260975
84227058
11810634
68529904
51658047
57455202
34550134
46223860
21590637
75935987
87249183
27285392
20695268
57481886
59470281
26497090
54773601
51539296
74818532
37317241
69996602
42161572
59224958
59864499
96219652
90451335
32081311
89526130
29798249
95512485
62475048
79313306
60980927
48396822
32830457
29275662
90346136
16231044
47280585
28406925
95133263
65186862
74691978
69610469
83623036
23207811
57406042
68094090
45558415
52678370
42589403
30038340
18315742
41757268
12759171
79190329
66580566
57593126
81383378
66685227
48007065
59391018
26893645
81043413
53757166
87773758
90114406
58176408
45852856
89534292
50304079
59179906
61370096
79857797
52518333
28615806
49769171
62925438
34374863
63466497
94350363
79536313
12178006
50547833
41972170
19003511
39551215
13521313
37297044
84576455
31020063
81543288
56767264
94032302
83216349
20407401
44677212
26924728
51971737
15827977
63163218
76713315
44733564
31180749
87048247
98728517
64208345
20271555
66155337
52523358
47569777
28837625
79909892
39358671
34437246
22525229
94943179
68572003
77681673
31928466
88416393
45816265
43692343
73922459
32232614
93702238
17230676
18883087
80192038
81124709
54072555
47764758
14569000
48189432
80555361
91079403
52566669
25706219
61752836
59514848
25819911
41509112
32341138
36668324
63089471
86712866
58546482
39646673
82944110
69896459
40575312
63311991
69666949
26338784
51483781
32215848
79864015
25303918
71540735
19486667
59814723
45079064
29410713
55202722
23229479
52586048
84508207
31193814
15488166
59401047
60019649
85798848
84398932
98920472
11893430
84961521
47278345
67191392
57653741
20775738
17125097
25787591
63367487
24331528
50206360
99534175
35795630
55302899
94521240
11321479
30115500
77301690
93148526
25448529
34231990
36844176
90862287
58907456
20606483
59146354
93807471
58423333
95044867
22078997
58458528
21381671
85920654
66593252
89274447
88860792
21201331
12647455
51733860
57098413
26248761
12938085
14412140
45089610
65327185
14452069
75062523
88934988
28182726
19811080
64314424
57041015
21885989
33057564
21063169
33421372
31083658
18840077
32329696
45184095
14437310
94091730
68928319
91476688
47300531
89194860
33547818
32783528
56892818
69788280
69221246
87671674
45286138
12098221
98557965
77987056
46853619
42925951
36645434
22919048
73268709
30849414
75596615
51132806
38170033
20883065
64261181
14291215
24569188
63319357
78362991
37453064
53007654
46983775
24468181
13003019
47348575
75610822
66885841
43153739
25339943
92182271
44964366
19899753
97364360
16594368
14286711
39551522
49272932
63979994
80753406
66591941
62816507
49672169
24107454
20804973
80476439
34034500
46428192
34082507
16491948
42287445
97726669
34030470
54740729
84274363
81651393
30130882
67316423
34970160
22605595
36514538
49269464
89392098
14934420
35354814
33932256
68554560
91234375
38407304
46555484
85117410
63615516
11277493
68147696
83696129
66883300
61946916
30657227
56028616
15803632
14585301
51389977
93082573
56520471
78979639
85569741
68973190
99868692
85750156
98120996
93355439
30973702
54554041
47369895
41332439
85109401
66155934
30373985
84048971
37375674
42101758
97860713
17552923
82812700
18642571
16228534
20606177
70738557
59326792
97127107
58801885
13930901
75724223
72303600
16303500
90088982
76277899
63433129
26492544
83496933
19143045
73585758
33759389
42392130
60322765
44137772
77476199
16405095
67676520
11462619
13852003
88269718
83468707
77756058
64636481
96398474
45935974
59324978
61711654
74938238
40498513
67241673
52511076
84009861
64005010
46750362
49951772
75289325
19076034
58819170
56994610
83085557
40537551
15211153
31814067
88497027
29799239
85735380
41736446
95229000
85935902
29921906
40302116
90684586
97607465
53958676
84622917
11229284
85092358
25614947
96432272
27996012
66922902
72097351
39299694
75599747
40063858
32826797
58362623
30153894
68008179
66988645
20956947
26931733
66384942
76325006
56487354
63470011
80235294
13685113
55397494
61318956
44885348
85353924
91459896
77971687
67862334
37766098
34415289
61152319
33889456
18543176
37233818
84646383
41544367
59035141
61527960
61651079
92933838
47206027
86409391
76515883
17193556
16062830
34105895
77750064
42220629
52365003
73316841
31006910
42763508
74674098
61678101
92741596
30768343
93381128
54772224
73537385
58925516
65234551
11442074
65625064
57286636
19927971
92718461
35348488
93470587
54543772
40211618
31922886
18200939
79837214
67062219
83362345
95968130
78664747
77255109
40748510
81135873
86172307
46130568
67114032
83560966
94815465
27618563
52751948
16151497
64882713
86788676
73366474
23568640
96305015
33423789
90903126
33939081
45856201
11156121
91826063
45281286
86245509
66612425
72438488
69439505
78402710
24819551
95608387
35818396
31213712
34770877
44820201
32750397
17783528
52955840
82427848
15499627
87861213
14301950
68160448
36295612
56249284
47116546
26869637
79097681
12485109
47168157
19183774
71385393
29472667
82188454
69772392
95087592
13581414
39859256
58822820
82316855
37069192
72789918
86070673
14612071
49318373
67591903
73577122
13285625
89833287
38846964
95955717
15483886
92490391
57574148
93854698
51852606
95216505
61065786
95832092
12512299
12368768
97335199
80546114
87613504
86593291
56667527
93571530
31868601
89918685
41459557
24275481
62066671
80417098
50279597
62181809
18458837
60263342
39371538
14057057
16103382
65731775
70993590
73711183
48642521
95268389
19441619
33509935
51746763
27596527
40201514
14440909
99634817
85726191
51072063
18269361
88838357
59564366
26468756
28135888
34981359
45607006
34858017
41693706
42539292
83198873
53329695
27516530
72174154
34111822
79356656
69221558
85281528
38916896
26849323
85865995
96744651
58801001
70405269
25517081
48991833
65166368
63138476
71430273
43105486
35171637
81984227
49333218
68755116
53183608
60109796
92998123
47091110
43947035
28999313
97782318
33523433
78056938
97973263
35182615
95530960
44703066
24221286
28713567
94810520
47274442
80697822
18922971
85470898
88889934
73979789
19845154
35314799
23024253
68598326
97644603
29983632
40756381
48434472
43188526
62791708
41431156
73443591
49076496
98701798
60146346
80189166
96519462
15152147
45385816
30490597
59839511
58947404
42665308
79958205
21845941
54418000
11314447
78913627
60878844
42233426
68530593
15656668
27820251
71503019
34092247
25759365
45417437
30237314
68510331
98172096
86302101
60652085
33727196
13771602
18582947
58059548
71590799
55169984
24169392
18931588
65263574
35739564
60239421
77270723
29232920
75987250
67114027
61538987
93121030
93825315
96507827
28323092
64683391
80317309
41472232
20105364
75192853
19475295
39353763
98936814
29768528
64304399
27034134
21708737
27123333
11187100
24542609
61421049
30058981
34606401
40310578
71761226
60872275
19302483
21799578
19797664
90246791
23703138
43940140
19310784
98855405
54100950
67459126
62046755
11988732
14922362
85495711
61202954
22471431
21104766
27423481
71640821
85399159
56258730
48107628
28453791
39677247
63649388
78230998
57117404
75779819
75038126
29158791
47435891
95110862
84458290
45714025
22694300
95650064
17501529
74625725
26119231
15127461
99447996
76716423
53811089
71187445
72420782
55682430
57540304
11873614
82798392
54817249
29996802
96868501
12491956
86738493
32085559
78895411
29945340
99622219
38098525
74600153
59647127
81527163
45298729
76493201
43121705
49840247
75000164
49090874
16081886
17429202
83797095
96404156
88056229
50191587
67022960
35622644
13401167
44699960
11287643
34434900
44109121
59348250
37095490
57475041
70084022
45862055
97397325
67360489
52212228
25488439
96679487
24045346
41180735
26997398
41647597
91744055
77321568
64127933
21547967
39037208
51584904
69946655
94001838
68805953
73296436
63813406
82858878
89065051
83049057
45773024
96049503
25954318
77328538
64000283
59217585
99257931
33305475
11462280
53983724
72132389
35656772
50570568
34147591
71264438
48606285
78170772
52989920
73008741
71971522
48853040
37477478
90925534
91334658
29048518
74779516
94140399
81446871
15809910
33093538
78548566
32646554
53686549
36224369
90000190
77303328
25930293
91105046
64827648
43489013
74044483
13106803
15283834
47175547
22579342
72193075
61058650
28971016
71527344
72777454
54419532
69488218
18896154
47569776
72499547
77879648
76939576
60804816
74299536
95449357
77891007
61132469
18586314
28596423
35786333
82585315
60877948
55755732
70492463
91915604
88882134
47919596
16902851
27914316
84275992
15644823
41999786
95731360
67490363
33238722
75308858
26172417
61351153
34538134
54927715
61206406
15882480
67382478
89035704
74665704
76133667
13596332
58913528
68226287
89758216
31621144
11679013
81116037
88617597
96849768
60336409
64055215
13138096
65053313
25525140
11436617
70116173
70244477
34289693
97513063
95642254
51632932
42580580
30562742
37497652
13077654
25629418
71503190
64362417
41783439
99532327
26605338
55272296
22742216
24942191
67717955
79762062
24246015
56468409
60577045
16710198
41597159
12730436
54152844
73413779
42299864
16518790
99752444
87468255
15384558
41849087
67338772
13293212
86647494
43256829
64129834
47695431
83387912
70037358
74198082
23694377
64637880
58291967
36015361
67158794
99004371
57695515
49157350
34840557
90349548
34470765
29780906
42535656
12589065
19492161
26872376
41137796
51466990
41458730
59518575
21141743
57859535
29331518
23427023
54315131
71517586
29594909
30901663
96461365
35980112
95130059
28435108
24835080
94694938
38939266
26244305
57329917
31850041
80793445
88241773
28877111
54640177
98963826
84829094
95888637
19439828
37510861
16824399
50867452
32738367
50917466
60054112
74776917
25972801
68780055
33772257
77512307
32500211
34258267
69540265
99157761
89230133
49417785
96953572
74119196
72927929
42094427
53108388
19543223
68019529
65823695
63932025
70789165
81643231
20204019
92984247
22523889
28045670
21065400
66720193
64557448
75845764
87357274
96581453
62386594
71042355
30924171
37746070
31949230
16331043
25254432
63357010
99425602
33842856
21621295
54069719
75895868
53093628
75169142
46506803
33083665
95639835
52339151
12978372
67841688
23277699
22709783
82728581
55140166
67800543
80112125
47433483
33811716
83590041
70374115
29871147
63307644
60287473
24705505
90513951
78104620
84419169
58946782
44429308
65972342
94714462
24907674
64455462
53200775
13209401
97590471
92205687
80348509
32716686
83631296
17889385
64554434
15788105
78462445
97459017
40771168
64027080
22846880
78298677
75541547
29536411
96552570
24304221
71242060
52102136
76771302
57678772
70383370
99212558
34527964
69091180
43879877
89968515
20278556
57529754
91435308
96923671
63847208
55301830
20115240
48748957
60105808
12369297
43195732
46850796
90661070
29140170
65432638
22412504
85071870
68522274
36855458
41137393
20355674
16848503
59932038
90840898
77373475
42831550
54083060
16317573
36308129
14759538
74542727
82479610
85995063
16883818
29498844
47056781
94870583
41009122
15294976
48550717
37279317
55267126
44308669
54930322
58600234
91894399
54236332
71762638
62361476
66557510
87828063
46108906
87513990
46331269
77337208
73404366
98011052
54085591
15686192
33077892
23395318
11665234
73052455
46757470
72164785
86114429
59298099
11972545
91481699
90143324
24372123
95939999
52707251
50785532
96962996
30676095
37186652
43667725
41064267
16824461
52673772
74899471
86821134
95802363
26184231
78889247
93193744
48805970
53021820
93625332
43444522
61781584
77061173
32486336
66500071
87345915
82419808
77467147
92007703
36262180
60579484
57656462
43124973
45629286
89454982
51430471
69528745
78469627
39254115
96833810
79627637
86672663
89702906
78254330
97655630
66762570
94360969
89992245
65089715
26205517
17896583
57610378
16914103
84966848
99653607
27717575
80101806
89467143
97012673
91095531
94168860
80013343
44070930
46142067
88876461
96855973
36800325
70600999
46247396
26707873
16672902
34121497
22069258
85127937
41118148
70163699
48569153
73446929
41722861
78134057
13424720
12484437
24929555
14669379
78542787
15606106
61697600
58744761
12049349
73785848
33099225
81629438
13862467
33851765
74519698
87060796
95412710
83363964
24468796
73034254
97058368
16070465
54173881
38369580
36347572
29008867
19784170
28720836
27492632
58341653
97739624
12347657
42901413
69103273
36989339
11518305
30809155
94687973
93599889
44851099
33774116
99954783
89147830
60273021
59498913
23394439
71339954
47472452
37454788
84575676
88946055
14856016
62521310
11588089
62351466
31971474
51053080
17567503
51253541
55186678
70838423
58637370
65944023
29244003
26155652
87245030
69053464
85015339
90361284
47982667
52418735
56774841
94009441
23772870
31376465
93743132
18379745
93056604
53264412
64972958
83685069
76623448
11920390
82544037
47541559
16131193
43943965
75174596
39741825
38912036
31344867
99481158
41080763
27083742
11854179
38971030
47115351
61715580
34930775
81260898
19373018
33208300
66986118
59782982
78726468
17196107
99517621
18406661
18454609
47614489
11347545
72529846
94284509
61587676
79597270
64291821
18664515
28268708
84191694
21259109
72633547
38821985
21662544
12742072
85163326
70103143
58447535
27083571
95116501
62861481
36097879
35110831
31991079
99192740
11529326
70077287
99672251
92942536
46234378
76495679
91960517
67760124
33209933
22941036
90136276
72135899
87221326
34060065
71667550
15206070
95154794
92153346
96482031
37582020
23484444
49831337
22290978
82847793
43355403
56858908
42582045
86074473
55096563
82183086
13082129
69663496
54640786
60432657
27490894
43195408
41428444
84552034
98888370
76551119
63270026
76403201
92757146
40825533
87680090
35421998
99294494
69185846
29256788
28286818
58405582
13576057
77573941
87746777
15756235
91923866
83675629
62950693
21207573
71522228
38518459
19264403
38630792
97733364
93485673
33939712
82724293
24918806
47797825
30066740
80092207
99227959
72021962
68822928
94475228
99020551
91345349
63201015
20215939
12434600
30805047
88751125
87910491
68973278
49957162
26584063
41539250
41369617
41118553
79836329
94555363
18339427
66965704
36910783
46709699
46439607
63869417
65884394
52323323
92821307
53030981
82662436
33538752
57653819
82732806
58473872
24804130
41447148
32808536
83774076
29503448
97808631
91348948
49975058
82941476
77911936
48629643
23079559
26434875
12469238
71119551
25598005
80159074
18256435
64689592
34468234
25115227
85336912
89830753
60499769
53350371
58391127
32787118
95250153
79180622
32014852
89789367
88582907
43466235
75416801
29579532
83205867
77287707
85215469
63381344
89220745
22019196
28451628
44272322
34653936
92363059
33109710
87574012
50218752
31077808
64701774
76743190
45392144
45322255
43937182
24087100
58804285
48989741
19787396
42335389
90346454
59644036
84452839
45898720
72221770
44519794
82625626
75056653
23439346
78774106
35117729
38454157
37410106
12463832
19367735
85819794
78750735
27558804
81163841
59439844
47254600
72044428
88131204
69752019
18406595
11599487
90126211
61740476
30699994
92668374
55719801
27049338
81657583
88897454
70403789
13039753
95019814
23745915
14211924
18616398
20534325
19657670
93385770
72983486
34642097
25978378
16074638
37224626
73260694
35956452
42858237
65897814
72033108
76997804
41929630
93498452
41525361
20378388
43646761
85316174
25365060
78682744
65997760
53290145
28682117
13099606
66786033
34345711
62773078
14494757
11570675
86225238
97174249
82332862
20339366
67649792
39973494
98354609
34570522
23504204
69065927
77509731
35819851
39761372
13418819
68067517
94244452
32092685
37759230
53129185
78150038
58958412
94648026
69013884
99739404
31715086
89723116
15786408
76647132
50164319
51140308
26297177
41454698
72935013
73270175
25249833
72827065
71041115
55595990
67684813
52918229
44785550
49303927
23437437
77675033
49091381
83450010
21362037
92064488
51542727
23588680
85253669
98332094
58942933
55658130
34698684
69670006
97794085
81710575
69060331
96391088
51312347
14101008
43311454
61616075
27691313
86933998
54702147
53703195
52947821
32978972
68924669
31476812
43563367
69152735
43273214
40955181
45926770
54811540
74376913
73155835
45297257
32664002
56323758
73533801
60645714
79675853
33481856
14185045
66374396
72243393
20374615
76713803
50791090
52495062
44512319
57730112
54403737
58162321
45584042
32417605
57174617
95344920
99558667
64262476
95184353
82646048
97223926
47328427
20008234
13976221
59516131
13816478
69997342
34511874
75637940
13876725
29122618
61299955
81113248
77354993
47784596
61627510
54848918
99486353
83664942
22566472
58911587
58093721
67455587
25497739
93125392
28076987
64110326
27373076
13225864
81415780
61289714
62504812
20549453
79812993
69783387
67514005
17043030
31777520
53287940
86160534
15035473
68721015
77628371
46264466
82083715
23193116
55843745
20060008
28158336
98430302
65523562
74525524
92662153
80168107
57352654
28244221
34930512
82356559
52371970
67650086
74088464
78212169
33643843
59394080
94011516
40706463
84344946
43486464
25297918
26542531
56340120
32686299
58216372
60245601
23950871
13532195
77821335
56711058
21161525
75567102
43982747
24468600
11326898
28419144
65628498
21721291
89259645
27794792
24122314
64962081
94916856
11167246
52434942
30538019
47385367
98228093
32878624
93460275
54999986
48738065
54980609
50152083
27439532
29379872
20250069
72882930
24835032
60797447
88404063
79989474
34832575
85301939
97242336
87419112
15616613
26917476
36642577
38612975
81780660
26587178
15164779
88700238
88908969
45309399
90964808
80835982
84497801
44779322
44293219
83166803
19525149
69128449
97955369
90874150
69366871
18216793
48804752
66784305
33643245
19744915
29393334
16147498
62972967
16229413
72302655
15530128
49282378
90857270
45140450
59293553
89080686
70290253
78441075
87373173
42225860
98304785
83101640
42091879
87347135
77652463
68484964
56069666
36290495
23209473
28676594
82703644
49409922
13693763
19674980
80538091
94581404
33352214
44722240
49359400
84106037
43673228
24063295
66255680
16475282
49872777
20377349
36421537
21094480
57462312
59337056
34394310
74896694
43290670
16523496
94108908
27714759
14241648
31146697
13714884
40412312
23620714
25787451
91241725
79394665
77780690
29658606
98150553
51275673
80170505
99084945
66440355
17722495
27402223
18155414
82293452
90147186
29578536
18978540
71181923
79182277
16734497
98742846
47695931
91379409
93212020
53852752
47582147
93929350
66865443
70777626
65722644
24416250
19143693
86347544
82352245
79492459
64561066
32814073
48217586
33615699
61904800
73588734
74020098
83157468
39146623
54047875
43201358
94044399
51064656
11402613
21237145
47345028
91420959
56950602
14288441
32298124
95909551
34625138
93407627
59051104
71780081
92524089
23625982
47969459
41407052
88256252
47578035
24447262
51484210
91234243
25272975
63446292
24970937
31723261
55232787
36399004
33100909
45281326
91750547
95871319
17983858
28861225
97208153
27683818
33433371
25145965
62949520
38832415
91104953
88210200
81477582
82406458
54656827
58053825
97167335
56160420
11861857
36243632
88646572
37647489
43096488
53991341
44260401
20960024
18120975
60057656
59721256
98967120
26080170
61255214
51501726
55031302
68284874
77755181
92911043
99567334
30111448
87263092
87209814
68468459
67126421
82872401
60520369
48861731
70367254
16879134
65392118
71718451
27038245
36161600
36739964
54424582
21614390
12884657
37671835
61680856
61954323
36498704
83425364
87825934
67370818
62565871
47564429
54071130
31718224
36831219
59824871
84009083
73982514
81798452
98130801
31801351
71504895
69612347
80930280
14701565
63782427
83680221
65097337
41943267
84994278
82330825
12904603
50806529
94168448
11373083
39976042
36006657
47370980
19816872
21401185
49983272
50087985
97906761
76250041
96706423
89405069
31979999
93315614
75982238
24530502
61059584
35324598
93131527
66741830
35012264
22854724
46488172
78157549
93526319
39708242
92661187
74838883
97826158
29389786
43930334
25319334
13845469
90307721
33611112
92440435
64003193
20900715
21248179
94848959
13364713
91889006
99066491
77819003
99799060
50648709
97532918
37550853
93682623
14101859
82329279
39568167
88004431
58209047
96612017
73939674
81675396
15674456
40686319
42962105
49562491
97061085
52533952
99848072
73407899
15998352
99088452
65165444
80581452
42977810
15099188
24400771
25528424
99527471
17203474
15514623
35053101
63322542
97773936
84329124
58432644
21199832
98244273
34829702
73148620
48501087
34316026
62129513
68981227
59898161
81676525
41481931
57933374
98771262
55067891
30065643
32368699
14749374
95508803
20247458
38249528
12682706
91342410
60224925
97926424
66035277
31060426
18747602
81031036
27015992
97725269
42051238
56811363
16906608
52937205
13920641
11262797
78785248
58548759
13056684
11511192
45888900
33275426
26683816
90085915
58602240
27304916
15400410
66249719
30355913
55675310
94471671
34420400
49138946
64452105
79969258
66135024
95361824
85367774
64154939
45097756
25983570
90393834
84179917
55744029
21745117
19585436
71501739
17775939
36749744
17005736
18496267
17594967
46531763
86352918
99874436
15535492
92970294
55470813
50220335
81094810
48507621
96539929
69182292
72180814
12084306
76386687
50784289
26439372
46069742
54837332
95688075
39348045
83841038
37659458
85252725
71235253
90245965
67183857
64225253
37009802
40162786
23295272
66546274
56142850
58527425
45594269
32322399
47580754
69469788
67214970
22802068
15635296
74627404
57607798
35922878
84129114
35417827
25162496
74345829
35767319
90850898
16188654
49542334
31113362
31962617
22439796
83470325
60570312
85398245
20282539
67397539
28627574
33810759
69100850
24046878
57606180
13668029
18415634
95688392
92401577
60956083
56912625
14901079
95823799
83615363
29020162
49305539
34619932
89380936
25065814
88717786
62280590
15823867
78811538
23600978
36931763
64961290
85920384
30329220
62567925
25369179
92271642
26622157
36659116
22937375
16152589
97504739
64215742
21070605
14378013
46479893
82382309
91634197
77108856
94529073
55550476
78647124
66232624
57400694
42010646
58554390
61078571
56939377
84230254
21364403
47129332
71645138
11995136
89740215
32516336
14461077
90036041
13670083
99368953
24450621
68659017
86713468
48930776
59625296
33934069
45129672
21126311
92054329
20200717
96957609
52018187
37976649
99802821
15482662
86852299
48815313
32925911
98979123
64811688
77202769
95596647
51750625
63033951
15043824
84187122
39318412
15157355
62856004
66588359
61030202
57669179
19129669
79537300
21348052
13152295
62300574
50920729
26263464
48135047
39892133
36565463
46736786
87832086
96193388
73009071
29978652
68090018
34276823
94117637
69027501
23115786
23011854
24441113
77930464
60535352
57478506
71483856
40098101
17450583
58726397
76679606
48225905
97866771
16759103
25613586
98064868
79360606
55850133
62254514
52417277
17067484
13233707
45832505
97563947
72957798
85413502
79244175
35198348
22491912
92261270
74985514
51153985
33049252
28106914
83828006
39601398
88888573
65313563
71985106
30359157
46681652
66917742
28940038
19881209
19256770
46538165
93021779
16846286
37875224
92854696
43240017
26196168
71011497
55084202
76466645
99789710
49570425
76666147
23153293
79032889
23415582
27151112
71487403
82236859
60759101
60355916
88442494
36625843
93488129
55187590
79691856
12938035
78106701
79114876
33066474
86759131
15472170
20226367
70423392
42450598
33959535
19201417
19521442
21792868
38089754
54875213
38384722
95567270
61324333
65542489
34069440
47861661
99319161
51318890
73666992
82512937
81119180
92995202
47717253
97428324
43826704
49469103
94134355
76519027
48228859
53956066
37061230
43947951
23381884
96884912
73589182
95996481
91950011
85611880
24514188
78930536
41300262
96279393
24870520
46762316
42836018
30087484
21894514
58613471
47018848
58819521
39834278
25595740
87254767
59160037
78068415
30764475
48134892
83978744
46018428
90342360
51433580
19583187
78004387
95397313
92006654
59967502
56675012
53352550
65440159
76652722
28842280
96102890
99718398
44071474
58779152
23094642
92783799
73012044
71859747
99361663
95446591
56752527
18895839
60419208
75345303
82894815
87700738
80712248
68625525
43406385
71614972
55666383
49245141
71074558
72437124
45545773
72608809
61748158
67711035
12879013
34456284
76416357
86413885
17697944
98528532
43276665
44598158
46481366
46387052
90722380
73639442
60148765
12788532
68698452
98114367
56334553
43770301
11772756
57667047
20792866
69908539
30112170
41253066
29901104
51025821
22012266
28336500
74910001
53571753
23241115
57407263
18690222
89586222
13563849
22241178
84990048
39751564
82486010
32383771
64180076
75847278
36166601
35850674
22623237
96703801
36086907
40775913
25979740
44188034
60592344
37801629
24858976
74644140
93938014
58563592
32647894
39340688
53890536
20268680
93908946
92286948
77046123
14314096
44075222
94540412
71462714
32032244
43698464
80049108
55462680
62726205
39912297
43907844
89476355
19853708
44399124
71468197
35927911
13646092
45870357
67192273
30831955
99667173
78591238
59375910
89388667
94133234
83527295
30224936
77154407
20259192
79655488
21382866
22179533
57816922
80713752
19055448
58512228
48913196
50386073
73513399
39826631
55904293
60516528
93725983
94635391
95781165
80711284
38274809
50388560
37947486
18598803
56625309
68032267
19076562
36290272
28661998
32602794
99770397
47393499
50269179
79893582
18579211
87464166
69866580
19976897
12758097
86601460
80806735
50211365
23868605
99037836
38215250
18348191
77859128
82921240
89236285
24323456
64094112
30114956
60813698
88771295
20957007
25015547
58817931
44680988
96190905
42279890
62292718
99688602
83427345
64245443
59811805
27393664
62224190
83642305
82620373
30347226
58028551
18399733
74336272
52252636
35664910
51344927
44301364
99965379
58526802
85053518
65508024
62590167
12765328
82604104
47982882
45565719
63261851
60241489
94722964
94650867
87630084
34945884
96958710
74804607
80887774
37053496
25056718
41720451
39714136
75048964
66217248
90244211
53435302
35325730
56240048
49450078
45421741
24783547
71901784
91582851
21629940
32339149
22288379
36188659
56892290
58649449
36476110
28377924
28114659
45714721
86544611
22797005
67219169
88387500
37053829
52910051
23766857
16380370
92943568
38591373
66151693
87890224
92882059
43390908
64250255
64500554
25776173
66330522
50937632
17623670
26209993
14224914
36419680
37059948
13565395
86853218
96453065
69432681
76106806
99169247
30321836
71643786
47193182
31290423
65253204
52058254
78920230
86360559
70676555
83109197
23039955
50142999
27079408
51793432
11792484
88598597
50531749
32777090
79857630
20341257
66497639
23558815
91119376
47858537
64403383
15308982
34139507
84805947
84219171
74282220
65514375
61034497
23912601
58785014
39435671
98905667
58387551
50821973
69628579
33390597
13100082
53698553
87696273
54978641
54353147
92079900
62877393
77005408
89341862
78936670
53877769
16804435
72346743
46312189
51327481
99677116
91146033
94012621
51867348
18975711
93863458
99444740
11707946
90328578
71130051
31419792
94276884
89454968
25985636
27303381
24311521
73217028
62770729
90617570
51094629
75824637
54450325
46586374
85594878
45203794
54194360
12758478
11617752
66436515
92310798
67975391
75205560
82631901
38145886
41541814
79191340
40956723
15697968
75923079
94238850
90249554
13884869
61924763
95854617
22436420
42010251
33515377
68612395
81413234
59286481
16770616
75589450
53934416
87710814
27341610
77099277
51143279
63293558
61052614
13939453
93171210
48011799
22285780
40613675
88370265
85131929
53518233
37932403
99333141
92627679
88295095
73696706
46818511
86104324
71842450
54266532
46154376
16877006
53751113
40761953
86714119
98308860
61470803
45620769
17776334
13132024
13747776
77650587
84036934
82190223
83274225
79857151
31854695
60668418
84378932
18112322
52938500
48233737
90734109
24028647
20712316
80451202
59024538
17691394
27222124
58991625
98404920
71489144
54044301
21142828
75085775
21991730
17129752
75232188
82265499
25860257
63146109
32807851
72827502
16398133
77302305
38899029
76718126
54356512
96134023
27258682
80400989
60121509
50266390
93717378
90258896
87604180
64572634
61601786
40286230
51901958
28819460
34166227
44806918
31786266
74297461
60314568
47889560
86250048
50847475
96223127
13132484
93091934
28456582
53833144
74333419
24894939
70437743
31572305
92315578
63841716
74225176
95262037
66842372
37754936
97645035
64418801
72455809
52320062
22691654
11767598
80622937
40633352
44466165
74864752
26936484
76002166
21615430
56476008
59438980
24016714
74441238
69233368
66657675
14744829
78971398
43752317
78388232
17052956
29756007
45633318
43552694
70327174
16911938
49347588
27522833
45181244
94875803
83684016
20227819
69837124
16377662
52405980
19947013
91600326
48956543
30495440
75305693
49978120
53900008
73369356
14968076
45780579
20131938
62480677
47516335
81036554
88156877
67372280
58211836
17339128
86060181
25668266
31087958
23354891
54217978
22128451
37190204
12762211
12909400
81783253
98344112
33132777
36916957
26337448
58727350
64532284
16494741
44434158
36487953
18268914
76336782
69480596
84401119
46853322
61335205
56643408
50720137
79638106
90526794
58194351
57624428
65331705
48141895
83567737
45873376
51507575
65497449
20235259
81302797
62692553
15049826
56563943
19154415
42552276
33028316
67201929
60345026
40105964
46110059
11306642
11624893
77208798
95133628
68310470
27680676
85978281
25593304
92378598
80425009
75389289
52933907
57113351
57957185
43840437
15209906
60243401
43034474
64077604
25480207
13914451
56058456
45431263
52365548
48638327
48745159
33702821
96058282
55196082
83576913
45492257
97348956
73945272
53023801
45028951
52394106
11936134
29363500
16740285
60770817
93999738
32163672
39829387
83057758
29335842
70270501
98095475
28244787
63605912
94929408
55814182
82638278
45635223
45628840
75184524
68238196
87852240
41540793
41819257
60767931
47519332
58447878
95280246
59373829
45887168
98622056
59421846
46476557
57840826
75753343
68955329
89414793
13248266
70872689
60385223
94828602
67842610
11323139
33168273
87065056
79818734
25751830
18553795
85252056
14765451
26046788
44907378
82067925
82095196
94579067
77908245
69487998
52231527
13362238
42384533
66160685
46586126
75360399
34813607
47486922
45228106
82494898
11713778
22518823
16643413
30471742
86370033
56880348
42709543
13766512
69303238
35962327
40367526
21134353
21598852
21215522
18327660
86168686
54914634
71564228
74057416
87978696
73073659
46779832
23297439
45799657
40735297
19713361
86395672
37415676
15831875
29331119
84563603
43164068
57948751
86804178
17598752
50731966
85523494
44228167
15977738
28158995
53578698
54072672
61745889
69598564
74762294
32010846
36064623
52680569
65210039
87140831
95272478
40003657
21620914
27808577
87737805
42234601
29558564
38055892
94820190
23368819
24084338
19856772
18424720
47508348
28985787
68299318
50728558
70092078
98948160
51863151
14307916
54288080
60517469
31784252
57076342
33416490
62052941
67087790
96296813
65161948
22463200
16052200
42489341
75349292
58447399
58834684
87952296
93454055
22056067
20767933
84196558
61672251
55070434
84574508
79706019
97120807
32039130
12044581
78793685
72974118
59986769
47051096
31180513
19801486
60762615
50642980
68585046
34122271
64882249
47980022
29653585
29437250
25036084
69052683
50787500
46673791
34573362
44655529
98805692
27579351
68203666
22938672
42460473
99343916
47517974
83581022
85892395
11670945
41139153
52620207
99911507
83037251
43150235
17172004
15005016
86429580
31679413
97159513
32722859
80882982
43573912
94638527
98561152
54510276
48778952
54449867
84763790
99505180
69230938
52210811
46291562
79004679
53863411
82456156
33344266
20980320
16501938
38467009
46684212
82977767
72840806
62631196
66551946
89258623
50129663
76167841
20861559
98617888
91247103
71581779
11184857
33763239
41729546
86209326
78486569
60006687
52456376
32289688
76520065
90634197
97821305
68805329
14863551
79308697
41347905
31995170
79528568
66262789
45614746
34748851
75634810
87655646
13709870
66575016
85278854
28002061
87384517
57459812
43478201
14867883
91011061
14085901
65552894
14214342
38462408
91467274
96716578
99062230
82948844
71604222
42102100
14645689
62023350
54128815
40712532
90193759
33840955
39349969
49030775
23262741
79401378
43869444
77465689
11299399
81296287
42624437
67371144
48835828
38020326
53884826
75935309
81371035
40227945
75729901
47354512
16128662
94457603
92880751
69750997
91325832
82575229
64235003
46551540
70481823
36694540
20664243
75724792
64165605
54066740
85614515
26025433
25697899
48604011
13206954
52565171
55783095
24751561
44727305
71884720
42457761
65604133
53275125
67255482
72311029
78290813
75710423
45881473
15341173
49205038
79069694
17392535
13455486
98949284
42699709
13529624
38046372
87381398
26794242
65522504
81632966
76100483
88039709
90477859
71022324
18800715
42451780
72000763
86345836
78253958
40246064
87221853
75981699
28242118
45773591
86656958
67610580
17218355
44736853
99434556
82945641
38035849
53762925
30413856
90883283
86312445
80526308
44470696
60214147
15158667
81676899
18898866
18332736
95324956
18085681
81051770
64844825
92080434
34157233
69343000
47301580
70156191
11366342
16981244
78893079
21656711
72737449
95137908
52819926
39807167
54002714
12978214
64412076
57034631
71335523
71096518
71610352
67465029
20603365
88338536
50489023
55870592
12191798
20000485
65082396
40450527
40968416
62813908
53276301
28615383
40107141
70306075
94264641
26326018
98738827
37761590
35667967
93712653
16509590
22028344
24752379
99643578
60277542
91915743
86475275
93854404
41221287
54125434
85421508
44349071
13707829
51009089
64203913
96974788
67284065
48681361
51258985
87539479
45600345
84237202
32065084
57064327
80785032
46955923
18662294
31287641
59991072
71913574
51235406
35997378
46258938
84865424
48412938
18547737
95746518
69712731
62800369
56014888
36053809
12188729
15650914
43504234
31649983
72633440
88583273
69360869
19768100
88440961
82235557
25275229
27285920
56259093
19430045
21475748
27233997
74679711
98201279
38886096
87392348
26888469
37259872
23713981
21194771
47658556
85062860
39219137
32986504
56709063
59475671
50136766
90427484
32563982
11242613
48944303
98509750
43679895
42385895
25394517
21309227
80897715
34194655
13506103
81540549
67454194
38824137
37043870
66488365
63836518
35517912
93521152
83418368
92025445
59890934
22263608
25092012
83479471
16166356
33154192
16103004
31812681
28516963
49124795
35875628
95340406
31332360
81107718
56248727
40224068
64501364
47385759
50703434
69892247
24451584
74274432
59962772
61320095
18453544
22032309
86104361
95215553
30805905
14915069
81225968
51768145
89576794
44604755
46602053
57102725
84387000
26253906
41528404
94122109
71632861
65653340
79704192
23680530
54015164
92827546
82927178
21936782
17179451
73184006
70232596
19191401
83810050
67377390
28100529
68219006
95369539
66208947
30950350
43509341
86654247
62481192
41111788
64555190
49895042
26437746
58035397
72002553
72366315
77913432
39028579
24685663
72125240
85208974
76743596
98525259
84560221
26941683
83338300
91360595
82869089
89066706
78644626
71957722
96302451
78034992
69299628
44466533
53213055
70498913
53898642
22868999
96935107
91241223
93796146
22417675
89547668
54505947
46846011
64742698
69102986
35857843
84192831
87366679
59456295
74491910
35720666
32046799
58503602
87438799
11675427
57602711
70477606
55476371
85220185
73677133
73923423
75695109
50363741
26733102
22306162
98781319
67500626
51218258
50036316
88502408
43125683
58520484
85205241
11169418
85184074
35278443
55991467
55168701
80597521
18654216
62243995
95833627
68035841
58532171
51963150
52659194
65587784
23598437
72070579
78167092
32732783
38963944
29638009
93762344
90025737
45890962
15473332
86889081
57266254
47322914
59451478
47652749
92024214
63757544
91702802
65775367
20461849
65329206
53148760
94034031
71573456
53558447
48595943
44270063
46225702
95181208
22723659
44458603
45774156
24046107
26621985
42375448
18689217
70369866
86737309
41799065
41577320
49696495
87291949
21080170
45301884
28670418
79459253
52662869
20698022
84622355
47960913
20198913
33638398
60980321
73746387
92668557
68835353
45238282
31662674
63909480
30774154
12833233
38217989
49974664
88725302
66652842
84487500
22301107
61623597
63423583
48355953
60428919
67305792
80334605
70089639
93772677
32855933
15449564
72903382
71311682
28612374
64008972
28151975
66897378
37921566
21302825
52864426
51493744
78109573
34260602
58936352
56908719
40476584
14832300
70110762
83464814
18590971
76736237
58730811
68538367
27996977
57488372
39060138
35278501
52462173
59098415
62485324
40158356
50807361
73650375
40023243
42348244
73822764
44069323
95829786
52685435
54907355
76883670
48685645
11861896
19870344
49671930
15168955
41496331
85906804
74319123
56663088
18788280
25860061
73027290
79426056
84993740
17471862
86881613
38153623
48016005
92307636
92850752
76345225
12763420
11852758
65236871
52251159
60930971
53586289
85575838
27197342
17154785
19437554
73051979
26519839
83821662
72955162
73814523
29654307
46195751
31936874
55039016
97040966
82475002
39220940
91297499
46629333
16189317
48378522
13581929
99056223
23445397
31080471
83622302
24200800
24321103
40741931
70914856
40613931
18880812
23912186
91737705
14742219
82742253
21898274
66695987
97341993
97006701
36852686
62114748
85262006
94288843
24743836
46534494
98766147
90890331
48050566
89116576
72671977
49476261
83837839
97238005
56060631
75470642
61298962
89790180
58916044
11471012
66262793
19241688
13000739
98954073
24050938
85301310
94105225
99083609
23529177
14024822
84881563
44823296
66929551
81123993
29380010
98234656
67487167
16351789
78489088
14799583
40291039
63805226
90860592
30861862
61329991
53410053
73707495
19988639
67334241
60086000
31899813
45901664
87874172
24630469
59755453
75862116
18058235
46684693
32812233
50798856
40994116
75437930
37002908
23446783
87105452
20855847
56644152
12850620
15902548
42205018
73614283
78868403
73907984
40220528
23978556
51183215
61973595
77199062
96556126
39203844
18321696
16354546
98517012
97194556
30052136
90472974
68980531
79935723
50857099
39946523
46214863
68907474
84297573
35627486
70824316
90733943
84022632
64779777
71394527
27334788
89446499
46759384
94402149
74896425
91251894
87742502
84920108
71974400
97981768
43385408
73616681
79825362
19931948
18201292
14972237
69331633
85547222
83694662
33951176
60500045
33415088
19673140
94412769
77817490
92038773
12080029
30924084
38035692
81584173
92325322
60902754
70361662
50451130
48946169
43890938
73757814
55718288
89020026
16550662
93724404
37281615
97727467
34548938
53475623
32209308
17761135
32564721
47906788
62631331
36850657
19320536
71077452
83970126
13212244
72172786
28517716
29586552
11157347
36822691
86316393
86162177
77399911
90370845
59150219
94137465
41548238
65481039
64821774
73573359
40776293
89197709
40147362
30074314
64651350
57342381
85348277
30128967
80436362
61048550
48729457
47469690
87336176
40441321
36274492
75194956
32229722
18732471
78471817
90503747
88767698
53739113
82752514
84338863
95774768
58427562
55025596
36928488
36343415
15431788
51289068
21137980
25364183
83624691
78087871
54902150
48606041
18711731
43136018
39549782
97958994
19892608
67254117
23348222
36294444
35201683
62102207
67158951
78006725
78237309
29671503
88035865
62857583
55029410
93830758
79664840
12381125
42811561
55231007
20719554
80702696
20618985
36803654
40041961
16634099
11962628
79179437
51694175
79862036
98041171
34569758
16650588
74777511
96074925
63383986
59460897
82049481
68716015
17370792
94494394
95788127
46175268
44555219
96559657
22009037
27519698
72288690
89877745
15481548
16353167
53641764
46525327
59784953
92071828
39181711
34958023
61251547
27925851
95089571
60413747
56547684
90997102
12336909
95049542
96505461
60902134
54817062
29110663
85849945
14709201
72393932
31928810
83713194
82384306
44774910
37826176
60320253
96606671
50919404
45464576
91369396
82776712
65410521
72169784
26080934
58284020
33064367
60105230
49932868
61050257
66680544
34014501
18084627
59076022
50769656
36717384
27568973
44881003
68719593
49855345
76754372
36204280
92369041
27964420
24497279
75158360
97665933
11272755
86094390
98593197
72774584
27480847
25484783
14265329
46743284
16293044
40079419
67188228
62310232
26663837
96185918
57258721
85655268
83414871
88343020
13412730
46794799
29371832
92326772
38319489
96607827
43293473
53757504
65752342
95974917
79498196
57794798
42433159
83335099
70766326
79556609
44663204
78902288
90006123
77002328
72190130
84722581
33110087
40900423
98089632
95244613
25653360
53571774
58817359
94905091
77911275
73291210
42520129
78953647
45872275
17233835
23573174
41812381
45165171
64299964
60203825
57361059
77388426
15340556
47418682
28144167
39570386
25899380
43394140
79073108
47878027
46914172
70817521
43201034
86567401
43603069
81691799
74831773
12704807
56300680
98973685
31963326
32278022
49745754
82946342
43125803
15953759
82932799
60237339
17501858
22803713
96269747
85664863
48986473
13515663
29036240
29839849
93939725
89798303
63783899
66338256
84634129
69386638
92937353
49393914
70493255
28049031
27921855
15711084
58313189
15496947
73287002
13086048
34880819
94285866
23331290
95070864
92109721
22095817
30227535
79983878
81421752
80169596
19526880
80150277
67612359
69595212
15949117
16102645
63844040
18362750
96536122
71858550
23969587
98689481
52058612
42134494
58471002
56578054
12444508
77340537
57521441
34691334
78017762
46346892
96496826
58924487
26828974
58735457
28258826
14845684
58928644
44989431
30987770
14648947
24543105
88649926
33359682
57339584
78946988
98547938
16897149
28343401
42732841
32348017
47883816
55127938
17324141
46131089
41260239
55962971
15732889
41348470
16069840
96660926
31251289
39665542
64103932
77304297
30526579
19385184
17144916
65580966
64895016
25988151
49319091
21660663
84906323
60611306
89623347
89433880
64234704
54852925
42632998
34368014
41168294
34977270
39523367
95273195
56051976
35297148
50774110
94584232
86787814
83983182
90755952
57309587
43997823
84225414
59830812
93280921
33377670
87482972
69297610
90976547
55436289
46465196
88799106
17919976
96117632
19639952
31961423
48930921
72416676
72594702
30188895
97658655
25322152
91250129
57859532
12546497
18102573
17007418
20503792
18301020
70630173
83554952
74094768
38624884
82306440
53583263
16176133
17063554
62096435
12096557
15624086
85976929
49693043
68877008
78699208
51827608
87511633
53140129
49825077
42100313
54661885
88005407
90425803
48282270
18682217
11121157
16128825
80617779
14713982
91896516
19236611
68834484
99003776
37832175
72844133
85179533
86952673
51838415
62466008
42279446
56537800
23040678
86798379
30913007
27599247
18194519
42273893
78641510
94408254
51453852
52609592
52176099
36146620
55738304
47980259
16603777
50485741
22916790
63860152
82996903
84371655
67981930
51371699
54339995
32420705
83670549
33187698
25095064
30881236
27400228
41468484
51794677
66546466
76985877
56513329
56762272
40771997
46792433
92634828
78799228
70810245
85860244
11115649
51414180
61913012
41542822
88856822
13085413
53792405
21055632
69775262
25208538
30477463
64267892
92092121
36926701
57546277
43449391
58170138
83432593
38111939
33657886
32044997
51229604
16561133
98330120
55063071
75458458
31907242
32077808
40020881
58816097
23527807
71391510
66331001
73436931
97298080
83763769
60656626
19417974
82162378
67568117
41784743
62885642
96930029
73119251
69072348
75456280
48544803
19153064
45731248
29647085
21461107
48574590
77288304
62356131
14147114
82247311
68588181
79439960
97305409
35152206
93652469
68913096
72981026
51179299
11230350
73569975
32323646
50679193
17237461
95542157
85296204
48768112
15292276
28798845
51227692
63347761
40949597
26604872
13484298
13972552
57920126
49960249
26345820
72499618
38399240
48189752
78358916
71382975
43522475
56969096
16972209
95008657
53718070
61202739
14913366
60009230
66285445
74121497
86009145
71428355
72916726
70019771
61754002
32481113
48945480
51806100
16730324
27957392
94169892
73848313
73692638
69988273
89563780
18248541
79939129
75440664
74223515
50221733
18539710
79262818
18373512
24545377
61769405
45453168
27299093
42341594
82371581
51349669
60350634
13615893
44066233
46669785
93448108
52829177
37128132
21920662
72273716
73342744
35046804
51888920
16302005
79280573
36189894
46787544
72792908
57768572
45352264
54552563
56636511
16614267
67570731
75480054
77235791
88252850
37713013
79607589
47069128
28947822
58442829
40103630
48190466
93161736
46568490
98322694
96498910
50597246
32001003
60249764
98875192
78081679
12751360
53017936
44693346
22502084
18099379
63136708
72809586
88115693
70485818
68341040
86068691
23031632
86563686
62065849
60606106
40232758
55745293
26733951
77495723
38523553
17767119
63055889
66075843
12324131
59565475
91831547
84805851
46175367
65995225
63702087
67778322
52193921
64275153
93010755
23233494
37064330
11461817
28995972
89565922
57021866
38633187
45627463
91271026
70465758
66092588
49065513
94096571
59837130
86967667
83631562
73047518
42434240
33151930
33702354
58313288
80704145
86335663
93114563
32232541
49046325
63563074
38203765
45534912
20673311
18202825
72055085
59807692
91292945
66827081
25381015
23980445
56910847
59889076
42319732
45321297
22807024
96174448
24031494
31704316
47902937
77338719
27694514
38578431
23119609
32929563
91063753
95695088
28207258
82900062
29717680
37953248
89578641
90509183
50550565
16490611
68400348
38076345
81910522
75305425
35733914
37210279
27131457
61821914
21552841
48693159
84738278
88396498
46381950
37548024
57995336
45401156
30470224
59808607
36490107
47482855
98122134
77018233
40474962
50973133
36011229
49874660
65375839
59449362
92597158
66614091
57383925
33153073
53919390
43376423
40714809
89387264
86007191
79343435
31599976
58213620
93810315
30508737
98293270
52888179
72301280
80598296
29109550
92609210
17258749
94464516
29251846
44754474
73804136
99871115
77766244
71661802
23701286
64350378
38609586
31262787
43396262
66039836
21639880
51998606
59887777
72646949
85242156
35518783
70727363
50351858
83471942
91716737
33541757
37988691
59347050
77484576
86639070
22165819
61564041
40614780
89016750
99228890
36280717
66337700
36526332
26151841
65638828
26484861
84097161
23655238
97035876
13356911
89854914
97631556
62750451
99360424
26996437
12749509
58711750
13186706
53198192
40819139
80186137
71229482
13549041
13795346
89324500
58152552
22047334
14197942
12175873
59680905
12741452
59250597
47374505
46190066
37492467
32770578
46483941
94528919
16861543
89185650
97883598
67426827
42732526
94429202
56703267
85660403
23849311
32406678
43608928
63067633
51188532
89216859
15189378
93996115
38130259
36412609
95573864
46008260
16141422
82436028
72053250
92499487
96315160
48329399
93989166
82778923
92797150
63803819
46722546
32995779
63521646
97086427
84874241
65991996
37817705
70824432
21798135
44297212
49886927
74192382
14455515
64663229
78969494
58045468
89763010
75866572
91063430
60351193
69155136
71964639
43285227
66968376
53471440
85806616
25680319
35647372
33003547
25888039
25121700
76881028
71273644
42370610
11453441
47118327
89562063
14037834
66955280
90352454
97099267
28420990
55197300
97297945
64808063
81868866
36676740
21806948
65959696
21428188
91020386
69955010
48494592
54837934
76401585
74191113
47598665
35901083
44204865
55804225
37674687
51923355
66484585
44567212
54421369
84378662
90668359
59444569
44624904
22770230
44289888
34191635
91550041
40410050
71395358
90466193
40361530
92513291
21628696
27480053
68159121
43671849
12354131
16750249
24703147
26353488
34082516
95714504
86591567
63270067
14755056
23184082
41620574
30565130
91571443
52201428
29077554
86774288
66298207
16042404
39793587
98587340
34987068
96577214
74399434
75087016
42669675
68954034
24447115
36708752
78509717
36049633
50104770
75421367
69111543
95805713
19353761
84309767
16820506
16542841
39401174
61936553
57548488
45627088
73285045
51764898
67564771
78232889
71012211
49624977
94675248
71296630
41714052
73599444
31927961
87960645
52392319
54384363
21189812
48388284
95080026
75133122
25674707
47155589
71970561
90536338
30843248
95907843
49300236
48391715
92347750
42968035
12920254
61099746
78278533
46322222
14929558
67070002
56021988
45246294
43812011
18591920
85820002
56835534
33569917
36743734
36700200
73914090
43963462
94489200
77814434
59654982
65026489
50626280
90607035
54904352
13904050
69990536
78791110
31620491
71937456
50677427
89450456
56176289
82611322
76645547
54945246
12602730
34234166
14249199
71049635
23671300
26907006
86372567
75072360
84711782
63048200
94673323
65393238
80337880
80453151
97809784
38566969
31644825
74462165
75589970
97636129
32945487
65538519
85736393
47532754
98641628
