4704246
4445089
8115987
8701951
7374922
8797170
8144148
8688088
2620152
1142403
4645293
7907561
8422016
6496118
2709427
8682887
3674916
7099212
7676845
6296133
4909833
9996505
4449208
3377475
5996573
5547385
6892365
3795644
6718111
3171973
2099143
7793727
7642855
2606357
5699401
3536149
4245675
6779828
3432063
7240187
7683882
4316791
9300617
4534080
1685160
1564527
8229723
4085458
5281782
9460151
5151895
2066111
6362519
5029950
6177391
2062401
5149819
2724510
8570011
4471446
3784354
4629392
7687862
5916207
2026488
7547963
1783270
5180454
8125889
7645960
4299542
5669029
9151918
7743687
8869794
1364119
4430733
6980403
2642205
3813912
2210134
2971859
9570659
9353147
3102052
6134557
9600929
8306243
7507648
4725673
5603720
9423454
2114415
5674824
8301252
3291627
2214483
8670803
9681178
9205454
2934511
7246317
8652091
1814910
4438600
4881510
7297837
3122471
3237962
9986534
2627409
2474072
2011787
7244500
2234095
2455803
1444110
2912397
1630759
5825773
4615968
3591934
9016707
9082417
7147097
6500406
8008378
4997230
8158647
7054921
6859442
8144302
4064373
7800491
6451368
2225083
9098629
3034381
5416309
3879281
9885403
4437070
2893273
9531463
3911789
8920447
7210322
3774284
2232816
5700092
9366557
8750506
4285989
6136719
6116198
8851957
2346848
3519434
7819218
1946651
7138247
8688343
9863995
5171509
3917923
7583187
2945844
9969046
7640956
7360044
1958906
3529519
2121533
3058253
8870420
6717353
6607343
5279562
2559748
9533978
6607345
7545505
7268696
7676663
8651858
9383008
4303762
9510110
9389966
7286578
6270815
1295512
6981148
9892846
9188335
6542553
4817830
9180006
8048930
5883476
8745324
2500500
7045841
5582153
7188331
1308554
3295349
5504174
3509201
4216083
3527531
1513148
3242196
4265217
2061116
3123793
5455919
6384820
6698203
1592927
3296793
3504363
8008352
5634735
1535866
2949345
8090218
3319780
8717319
3543114
7546200
4138555
9356503
3786359
7841004
3446206
6962675
6851189
5424783
7974216
3613587
4207221
2681983
7029950
5205176
3993147
7682937
3106425
8458919
1929680
8460182
4051542
5337192
4336415
8193253
7661335
2279106
2642772
2217830
6118851
8341091
7996536
7367504
5751461
5883637
1518853
2560100
8754221
4779741
4952483
5052768
1641396
5253763
9858522
8740425
9281718
7351555
6966415
3465810
4918365
9332414
2350329
6654190
6724326
7545198
6235863
5670758
9729193
9051172
8743793
8212748
9262444
3754492
9720372
3775529
8311493
4652597
9530691
4475942
6902835
6548052
2787437
6062427
8511061
9184538
7197502
4144381
3485517
7358037
3197559
5944836
5804672
5079491
8667947
7163633
7208884
9856446
3895147
9167269
5151012
8366919
3464328
5337925
2741683
7790788
5893694
7328152
2743704
6473921
7072318
5142996
7382185
5054131
6899666
6688340
7790546
6934264
1216480
1409589
8608539
3188658
3980254
3932294
9571676
5216738
2438454
6310238
1718024
8320494
8878363
2965461
9980645
1874481
1175412
3971806
7696505
7083178
9832564
9301541
6801943
9684529
2176898
9944350
4658210
6068787
2436218
2172161
6765494
7126075
6446458
4258367
8670743
1325338
8587873
2361719
9238505
5549399
8071495
1646450
2871389
8807321
7612120
5270299
9079144
3139060
4783293
2634749
9215394
9265641
4642035
1473536
5413173
9166849
6212457
6993821
7577266
7001450
6999826
6339760
4344711
1549090
8474286
8341108
5816050
3367622
4853817
7282469
1287700
6356531
5941120
5704810
4262844
8222289
3042052
9094199
4329699
5750060
9615818
9732199
3926853
1708032
2265704
3603936
2172953
2699310
5884655
9156705
3691852
1726287
5182684
4101434
5173418
7068422
9388363
6176966
1804911
5150419
4603702
1687622
5443074
7374974
4115008
8947986
8764632
3455424
3425468
7058992
6475366
3060424
9896579
9249298
7747155
4043823
9651402
2398916
7307761
9755703
5188576
6008657
8412116
9703213
9995207
5196581
5880834
8178030
4903117
3161915
7733704
6942783
5437944
3929608
7844236
3782024
3074834
9674286
4203806
9544483
4347549
9346721
6065551
7580033
2346845
3442940
2640805
3115762
2665173
9766758
3082084
3010670
1312537
3900642
3794745
1709636
6144705
6643232
7633533
2300106
7944142
4662626
2454180
1748957
8879726
6153327
4176600
6444283
1136770
8513246
2271625
4366643
1229512
5233245
6697716
2226745
3608695
3797478
8152336
3137187
7462667
6631244
2726426
5976846
8064014
1820948
5275077
5302634
9727213
8971957
9285142
9445503
1203144
5786303
9791621
7147616
9685167
1679911
8817535
6145079
8756781
1798662
5670945
3647555
1480829
4192347
9016383
7477185
6183013
8332654
3125181
3269288
6484166
8554115
2982827
1507166
4296959
1271379
4633491
3760802
6440803
6649759
9873440
5999966
1382990
7919608
6020758
1827988
1519721
8148389
6976778
3135691
7736046
1253536
8833538
1575587
7697614
4375135
3194361
7938832
3264755
6122385
6731408
2173947
9176208
2814357
6530711
3363676
6105244
1723492
1679937
9229209
2544717
7337740
2614804
9816629
8400742
9477291
7518926
2437002
5529786
7831766
7929590
8422761
3399958
6853338
4244493
8907562
8711604
6312347
3370642
9516810
6664761
7988356
8259730
4610210
1554829
5670847
3617536
5281128
2471036
6740158
7383646
1687771
6531569
6239815
7887409
5228554
8614744
2084556
4447624
4674269
6754362
7910739
8179851
5862103
1188771
6428655
7748223
5533119
9886486
6372716
3146592
3896635
3235009
8696676
3008810
4871463
7541591
1364980
7061243
3203770
7876291
6750036
5019729
8208248
8788739
5875428
2223766
1726302
9711876
1876895
3372978
4180318
3060006
7053545
7640455
2938021
6033843
5286778
4736551
2351714
8608999
9876810
2370944
6359939
6501964
1551360
3273236
4127703
6847622
7986573
6473907
1582217
4727904
5855813
7028025
7754404
1648381
7198231
6564623
2622243
9768136
3469707
1344818
3619833
3107201
6984794
6408150
4582935
5625314
1208294
1232262
5261874
5358935
6221989
4916769
6935825
3638172
6306902
3565566
4835546
5100713
2401975
8942757
9891082
7100340
4432371
3439331
1539716
4027622
5715678
6319130
2614816
7157711
8489063
9187776
7384418
9090959
6283960
4798747
7469963
7894071
4767827
5095593
9050828
2164263
4194806
6908683
3859736
7743345
9381236
6069959
2003675
8952335
6154605
3000179
2166369
2690430
1887143
7004751
9359291
2102143
3135781
7596142
4584758
5764099
3178843
5734870
3804196
4359085
8389816
5173315
4915614
4317552
4073802
2866562
3042749
3352762
5054712
9542692
1428658
5999624
6730568
2241091
2241627
6084223
5581947
1642660
2678315
7910416
9193248
9458204
1515474
4374709
9027929
4280039
8648259
1462278
2751062
4311577
4285361
6307458
3582764
7239151
9468880
2320103
4968146
9461994
1671389
1883706
7216233
9879498
1638933
9748754
2333263
2969281
9788039
9689641
7958485
9116518
4381049
4509152
6730542
4332110
1298075
7214342
4025026
3813217
3401266
8377124
6119154
6981093
8484564
4508383
9115855
7481229
5177304
8085014
6763557
2720200
2924719
5003982
4169792
5675771
9593757
8259246
9168526
3551696
7681536
3399318
3801771
9150312
3360512
8578241
6949663
5149964
8885831
3187312
7943054
5838023
6250688
2979544
9731426
8716036
1345740
7651427
5694501
4917154
8743633
9967380
6457190
4974100
8225418
7020613
7436348
4911893
1751593
4868543
6872181
5610413
6480796
3924924
7962860
1977502
8481644
2566261
2524083
8188277
6409277
9576315
3921930
3666153
5395855
8853220
7759740
6655866
5930684
2723180
2327294
9333806
4327877
5945510
8526066
8185282
3228635
2273741
5874228
6013116
7686343
4029071
6709830
4146394
2623284
9944971
1786854
4937244
6876916
7088392
6798241
3503662
3557409
4763520
5980733
8394722
7247077
9862260
1590066
5939320
4145647
7646145
4703639
4981063
4923147
9756245
7418477
8767911
9508889
7502316
3897074
3176345
9527143
7539505
3688335
3193581
7275773
5713092
4845000
6944782
7556212
6759826
5029331
4618007
4436204
4527874
5617760
3960038
7547775
3737779
9620644
8515334
3217812
6918383
2244735
8027824
7273020
7613334
6500083
7536188
5707074
8982625
9345939
9029331
3502554
6605050
2208601
1115271
9463737
4515133
9163696
4843032
1207022
9997775
3551113
4922993
8723263
8551124
8689960
3078749
4385944
2079854
2584898
6561848
5531620
5371204
4009586
6539503
6263814
6000702
7461349
5850166
7064160
4046661
3145030
9351787
5405716
1545622
5521769
6354119
2522051
8745908
2937667
7012174
9617439
1497927
2452070
1611551
2609484
8510021
2794379
6479542
8987333
3946554
8856766
1844973
4673351
2020371
5165615
1600483
5791894
4136725
8424268
8736429
2402751
9202752
6670127
3732766
3466932
4940117
5069670
6163197
4181026
6266116
7051725
2806846
7292379
8926994
4496377
1731434
2494881
2495368
6483610
2217666
9753849
5204723
1401433
4804416
4465283
2604548
5027676
2036110
2490318
4891856
1262669
9172365
8957819
7207270
3703922
5433319
2967414
6099576
8468838
7077033
4831143
4964898
4767333
9096518
9196312
4368392
4979415
6352515
6489261
3465834
8008535
3742007
7554431
1831861
7640199
6819093
8084335
8332865
2645364
4649527
3784523
8929540
4525104
8065409
3342568
4291039
6831391
8555830
2781758
8116872
3450320
7557619
7295981
2306473
8068431
2481602
9731859
6791034
5171749
9476141
6512763
1542482
9271547
7180212
2733076
3330463
3152362
9074964
3986617
4071783
2124858
4361901
8209798
3086353
9857123
1848415
1117023
8771373
2150616
7390265
3084061
9174795
5378716
8568617
1486618
1178553
6229717
7965331
4437105
4724017
9464653
5232934
5883852
2730184
6072415
5712558
5659600
4702732
3087767
2016852
8860233
6784959
6927905
2410634
1126642
7110154
7116718
9056386
6574396
6100860
8128749
1569574
8846892
7057073
7420497
9010430
2130560
7391700
2362564
1761459
3538446
9214198
1810716
4272935
1682142
1678693
6048098
7099917
7128989
4673676
5693254
4617416
9604021
7802901
3755385
3588212
8549980
6713046
2938308
5380714
2346080
7665169
7067938
8677300
2690013
6971732
4144229
2546931
5770786
4898515
3670850
7776704
9088996
3641273
1999828
1604678
5951481
8088909
7421905
6761712
4257752
6225055
9046281
5090368
4691533
9583347
9797693
8417989
3056009
1420046
3210498
9393537
2558277
3824737
7175598
2788797
6992827
9110390
4561562
9991613
9539460
9668092
8442391
1211092
8442601
8158557
2038751
2872095
6125780
6954225
5372781
8443543
4336638
6865732
8748227
2928548
7382864
3866088
4402977
7590914
8968547
1704972
2295672
2288385
6118262
9552878
5002666
2293659
6761307
7096121
5063102
7362282
3431429
6535895
6210197
4986294
6803396
2141918
6745822
7659928
7944425
2540546
2106186
7341133
7888399
3347936
7117358
4629150
6326405
1695236
2901665
8934564
2096797
7061670
1540407
9609908
3542138
5254523
8914253
8863626
5258949
7961350
6378527
5295135
8636376
1453466
3419257
4906046
9703129
9466057
7570727
2729806
1214895
7633210
9038428
2541976
7925697
3283127
1433250
4002085
6550048
7820423
6098324
8366133
2003571
3936190
3305622
7189570
2999876
8920140
8414803
6518827
1669234
8729775
2457085
8237476
4798362
7055813
7025428
7469125
3942474
2986487
9078760
2747598
1120145
7339831
4263695
4170101
6621783
1719130
4272793
3389077
3824127
4198320
9105671
4974173
4767838
5116686
6422812
4110553
5915057
6938249
9109899
2570946
1128268
5531468
8809413
7246132
1790236
5759246
7538925
5203233
1598854
3451780
5286766
8067842
6578830
9578076
3135555
8610299
7007008
6240417
7640164
3989164
8447190
7248404
4078446
2672368
8929091
7282626
8642672
3736459
6624213
1695670
3698449
5823990
7452455
7815832
7071563
6342712
2723623
1579218
5991897
3471820
9851244
2518590
9521101
8326507
2442882
4734808
7451516
4975791
4695938
4585446
7213193
7459501
7705408
6665967
8353728
5378829
9009331
6186377
8589366
7600879
2699198
2753141
7571723
4155432
8357256
7362446
9195079
8752213
9916165
8032375
7253064
2157737
9149409
8670055
7185201
3609103
5693925
5558673
5882753
6203120
4300141
5628114
6955778
9464447
8998540
8858247
4950843
1980024
2727798
6440571
3406444
4010772
8458905
8335616
7603659
9262732
2970251
2179750
6419552
1992032
5292432
6871390
7509550
1250671
9185361
4141805
7921788
5844828
2163989
5298814
6804499
7819706
9994327
7028157
1585830
9215159
8728376
5443391
5104037
7876516
5930024
8433455
5295903
4965565
2841504
5194478
4674691
4399501
6167193
9363703
6619656
8311998
8607343
7762902
6561961
3864122
7626852
5691538
6489503
6096815
6343901
5741448
4668223
5550226
8945521
7030668
4330556
2362341
4403405
9011109
7831990
4589181
7068063
6679738
3634582
6002780
6771787
4714525
9860525
5446716
6010901
4348099
4142697
1350364
4597026
9863435
5906938
7296308
3981943
2628666
4544675
9911356
8939405
1403380
5873167
6861155
8146919
4577432
1973512
9086635
4580061
8999489
9435108
6455212
6227474
2885655
3218568
1813240
2978935
4587281
2084069
2356787
8773121
6870639
4761112
5412352
7757673
8801530
2992106
3469881
6509097
6962016
5191852
2647394
2185508
6346818
4859361
1931459
9283055
7905360
6445505
2854606
1964607
1781234
1529143
3526365
8570405
6119335
4877326
3105601
7413067
2061886
3793491
9566709
8358922
3969402
8304322
3490264
9250308
8990417
7573727
8491013
3262555
7901835
4803924
6957679
3377975
8398067
3638802
1333442
4749972
7300657
2557782
1286787
1590285
9234792
5570834
4443964
1141278
2352444
2029540
1753513
6951302
1847266
2728023
9255688
7582215
6462480
1269803
6455032
5447585
5120518
7888787
6361655
2648356
4507667
4693100
2109932
2207813
7350416
3706923
6254470
4482439
3195496
5489168
7494473
7250167
3683105
1884828
1909644
7691861
3663350
9374760
5222711
4718288
9571080
7369956
8759223
3921014
4520686
5349980
8080907
6267825
3387091
6170189
9628703
2185558
7900890
3444693
2414294
5062512
7736617
2913043
9814582
8174514
1781079
9374419
2873009
3869483
4236544
3784803
8918010
5031313
5121667
5660633
5751362
6935815
9436020
6086477
7199886
8521353
6380460
3895854
6518474
3827267
6535141
3368401
9830852
5618367
8967150
9308672
2197510
9785282
7578841
5720910
9752089
8342689
4402569
7123208
6631682
8188058
3891419
5019125
1667176
1278465
2645129
2581220
2871000
5996019
5136232
5342297
9678547
8668220
4709395
6951386
6916408
9061724
4474902
2776515
1964423
1239761
2172599
8523075
3490024
4166764
9772006
8465734
6399119
7073039
3421992
2003004
1870446
7748615
1508199
8257815
5668733
7625035
9494060
4035563
8005632
6418445
1335128
9905935
4416065
9923334
4904736
9542821
7152348
9907418
7215519
7630436
5606375
9100533
5352925
6621944
8098968
2721615
7963669
6754211
6489621
1488731
3782800
1789963
8287590
9200658
6611379
5860068
7902456
6789486
9178417
3163805
5888272
5134960
1432389
2242211
8210457
6731010
4596009
1482516
2816051
4814044
3466504
8598298
4838111
3515737
8079825
1138827
1180733
2006694
8797151
7729554
2280580
3506755
8914591
6154500
7136194
6802644
6309256
8672625
7805107
5141136
4779775
3623973
4980434
5644079
4620953
4750854
4022420
8641533
1238448
6223878
4195436
7424151
3007885
6729982
9702058
7546779
7266388
3095213
1695744
9894373
3908778
6209734
2173119
6703799
3750771
1406707
1993602
6038323
6378841
8130916
1763723
5217816
1660772
5746005
9685569
9228097
8896928
2011066
5829497
7161784
4115944
9873678
7600167
7555699
9384585
3081486
5508294
2232014
9899004
5973840
5975046
3540146
5972386
8051668
6195733
3608486
7051926
1797646
3924812
7139942
1495862
6988770
5417257
1639126
3443878
2369819
5398158
8289851
4800228
4835375
2542057
8269168
9853680
7423302
8774850
3814256
3433990
2029779
4320716
9631170
6901760
5454111
4409497
7651200
1646903
6436061
9688979
8277977
3053117
8164369
7767164
8017303
2555832
7678177
6573673
9805716
6923503
1337279
3518998
2356170
7238997
5836789
6237666
4862215
3007325
7581142
8869059
9831760
9802863
8090138
9950151
1188347
9971557
2544944
4832723
5114712
5756186
5815894
2523760
6754111
1899413
7783842
6770614
2008457
9168723
5678960
4420188
7040693
7701256
3794342
3042109
1193595
8061500
9826153
1806327
5510569
4600630
2201054
5483651
5888306
7900881
1527989
2608342
8940747
5566749
3662177
4939445
3436590
3651469
5652589
2538001
5434651
3722958
2942373
1831942
5203402
1189546
1579138
4901718
8596832
3376141
7167717
8830870
7840457
1796719
2520268
6066145
6836352
2033136
1208976
9397447
9682838
7504134
2496138
7777976
9492622
6166088
5920400
3055805
2728042
8164282
7836358
8410944
2713962
2671887
9056179
4878336
4945327
9092874
7086257
8130909
3348203
9527457
7192965
2029227
1841639
9096539
3569019
9838271
3537035
2017257
6841278
6980511
7973085
1196801
8719660
6084748
4771205
1724813
6190895
8663842
2993828
1751632
5407665
5643087
9012908
3469676
1232293
7327361
8810303
1679087
7467419
1946119
5106947
5546859
2631490
9088703
8351993
5700995
8431635
4420051
8342002
8834225
4574224
6149533
1244536
5648380
1773220
2847929
3578717
8498850
1241843
3696616
5705441
6164953
6339746
8568481
2030554
1171141
5064278
3086983
4241987
2306924
1607281
2082624
5532721
4466935
8620907
9858878
3036588
7984585
1522613
8786736
9868894
5173497
9063914
2426758
6914739
1598950
2511704
3912953
6726792
9028419
3945634
1564711
6774218
7375440
6636887
4670270
3475058
6061180
5486789
1153359
4191911
7313371
2436321
6673640
3029740
8554992
1344146
3800598
5854662
5217339
7748569
1989248
2650509
2977470
3033978
3782627
1126669
8326092
6160486
4736407
9837372
2742571
9629334
5615484
2508880
5738899
4107134
4622019
7012548
1741199
6882701
4490990
3799735
1742366
4002512
8863906
7522683
6704449
6345606
7696165
7491272
8523347
1980101
1863506
1655970
1123835
3252462
7163834
2793619
5996659
5165070
1403857
3417917
9071581
9346458
4392371
6206879
5278118
1542068
4078809
3569723
8454087
3129050
8208396
1465205
3616944
7275524
7524415
7498893
5566602
5529535
3604890
3216714
4353809
8202330
7286721
8164593
8033169
9379776
8705689
3310185
4129940
9101155
9288826
5002278
5501131
5878298
5674084
8430068
5833659
5917329
8834963
4485568
3166805
9777091
9802408
6462268
5268202
2951424
6177695
3267661
3646830
3096533
3936050
3613848
9346949
2025862
8810576
9970604
7581043
5232009
5630998
6967178
6183354
6650747
8119330
7562102
2769855
3981300
7844576
9396226
2236584
2979418
9851853
7969951
2838672
1749818
3295621
3196331
3331500
9717543
8687625
7976024
8501276
5138177
9856069
7205906
4846434
4991777
5420791
7544101
2253174
7986947
9070778
6974758
4877411
9376287
1605595
2308092
2236120
3744495
5369623
7474578
3867374
8214429
2390809
9212149
6364956
9799733
1545395
6871313
7351452
2627369
7352479
6287501
5663493
5903956
5770578
3377905
1954962
6237460
6234670
9533702
5445919
9922671
4548966
9596355
8347522
5911734
2383275
9414680
4407284
8361028
7642022
7116108
8239828
7847709
4574888
9610300
4667758
8445667
3268756
5900232
9697820
9861053
8731372
5512363
3361109
1708666
6481220
5006048
6159513
4282484
8817660
3885203
6243784
3918098
6271055
5607008
7298056
2822597
7037718
9751056
6169051
7785496
7988351
3695786
7350488
6004657
7440514
8688021
5451448
1914802
2591448
3309414
2873193
6869519
5311372
9765218
7820480
8231570
6974626
4522948
2029478
4737434
3611553
9465930
5176145
9971039
1343589
3431824
5792578
7360482
1822278
5998589
6502537
7843498
4231446
3677297
7737657
9298279
2248985
2430181
5311202
9073463
4188104
4414392
3587627
8458496
8247735
6568340
1448438
2006752
6658843
3529898
4470963
9949770
9070281
2932093
8423532
2272790
4924268
5702788
4888407
2683320
1634086
4800906
6697743
9122561
6891916
9533139
4047781
1359023
7529075
4464657
4608695
8839740
5672235
4279198
2773537
2478083
6600289
1295120
9514603
2739994
3456979
5748266
5829539
3019154
8510175
8704496
4988454
4851208
8057677
5217522
2273051
4259420
9463967
2571477
8945904
6651824
7015740
1221964
2412620
6287233
1860524
7943225
9495552
2528565
5250738
4190522
1286790
3239723
2414846
4034753
5990692
5335714
5152577
4388757
9879538
6968469
1652968
9345742
3220629
7571897
9971813
4898485
9535932
4755853
5118248
5538452
9509495
8276506
8367578
2357037
4054177
7241602
3493835
2026774
9905329
3920029
4677686
7621597
6691680
1371083
8671703
5378548
4203591
4885623
1214634
6737112
3529117
5984893
3212308
1182370
8548004
6772690
4054403
3407354
6395898
3097148
9303482
1456222
5575045
5686258
2110136
4005011
8409261
6688425
2647674
8457548
1731927
5545145
1241370
7737131
2982979
7409972
2924120
3037886
1980266
7815512
2762785
5872368
4243389
9544925
2047306
9118504
3829429
4629984
8362993
4896933
7598172
1517404
5951480
9450894
1678163
9515386
2590391
1422409
7394854
2329961
4045025
6520493
1666752
3594376
5406908
7621892
1301137
3872300
5437730
4661969
7035231
4438806
8676855
6905488
5250921
3895075
3934977
5616343
6320702
6059209
5767061
3030137
9878784
8526885
9810439
8013709
4430772
4997047
7572141
6414958
4095077
4545685
9561206
5852894
3298154
1972876
5076087
1384693
6101985
1195788
1621249
5067449
3797090
7009326
5303081
1553802
5747785
5127191
4186771
9991840
7226126
5694525
3962811
7892035
9289539
5530313
9762626
3067572
5688934
3519999
9169361
7809942
8828840
8167459
2199202
2272352
4240189
6103677
3560039
4515007
1807801
6756415
5891754
2804304
3368614
9462204
8101545
9251856
6938887
3301705
6086723
6165286
1496441
1428208
5472928
6526117
9705038
8951173
9798131
1744531
4845803
7207568
6849044
7022261
2148838
5863512
2942608
2274256
7567125
8347889
5760439
9522486
8405383
1669950
5758068
7972369
8065376
7098826
3744405
1567794
9243925
3198576
7441485
4992927
9318927
9842656
6848633
5923651
4098043
1995512
4927329
2996139
1815955
4173868
1344867
5954218
1393668
3422429
6991248
4428726
2913498
7725042
5462524
2661197
5122538
7570235
8045247
4740101
3713758
4577418
8762775
6576601
1658408
6225117
1983449
4232798
4235373
5622453
1888341
6899982
9805990
8686920
4757622
4036740
8285049
5075879
9365059
4799908
8225727
7668698
9992771
4848375
7984160
2371310
7836985
9297402
1458384
7061829
4619187
6669107
6427207
7935923
2086930
2882044
8394138
2555440
8639194
5503324
2159951
7103011
1328480
3004685
4284278
1539075
3086455
8976316
2370396
5435823
6550502
3351896
5560430
8179155
5849441
9126213
9536355
2599537
4566879
3203440
7183682
7243142
9179736
2216906
1370551
7833794
2751706
9074590
5302477
7921617
4119506
7545069
3383954
2311681
8047288
6478963
3873608
7287260
1958043
8751304
9775577
4921541
9371108
2079798
9445461
3883670
2945032
9705533
8063772
6331651
3138162
4957993
6119384
8112810
2291974
6090365
4842543
9380880
4554887
8402072
1427531
9216152
3032498
2314366
4970560
8774431
2502838
1910108
5418075
7886615
9562937
4128636
8728323
4323356
2400045
7900971
1313793
6232011
5295669
4726054
8963020
8914401
4581672
3869848
5088768
6094943
9931839
9563413
8108692
6729915
2185250
3519500
9917421
4953343
6276209
4417619
9647512
1354641
7721792
8164675
1585812
7613011
3913126
2258956
3498279
8486316
6450028
4677247
2728551
8044503
8615952
5315766
9344056
4243840
6465997
4298076
6592096
8397673
3544896
3294012
2787757
7730290
6685808
4449345
8602226
7785696
4726114
6854983
9108935
4800727
1162418
1801375
6066623
9442748
5520524
7492013
7061655
9875971
3462343
2541359
8013715
4787613
6523017
3475613
5020888
1335703
4499238
9974205
7399666
3880031
7787985
7504466
7968097
5951314
6655357
6871002
7810297
6824665
1802659
3532191
8209482
4342732
9559473
7689400
3567332
8875852
2744891
2566198
3383458
7645315
5878307
8284733
2751306
2858216
6415390
7505660
3334685
7581390
6621428
6473944
5017427
7260140
6364507
3035911
8511875
1539651
4768704
8450411
5683155
5668120
2033160
3423731
2451578
2043442
3252151
1176872
5835419
9369532
6326533
1260824
8635448
1208594
8746361
2779095
8643542
8499418
6229861
8118820
4512629
7854479
9316702
8378814
9817613
4125756
4103094
2645528
9414171
5605828
3303917
2201746
8039535
6673365
2373654
7426586
1457548
4327663
9887838
3219869
4071157
9213148
5309905
3351083
9023665
7734962
8849551
9607196
9357079
8015100
1668651
8528840
1689194
2697828
2996683
4559309
5501192
1323985
4617854
2652002
1242223
7054090
1834748
8420942
8845955
9751130
1744920
5868425
7323481
9729519
4585838
7083259
6398331
9782297
8383435
2251952
5655831
3324509
3726428
1929836
8537303
1678177
1980651
2334037
3635922
7229475
2895267
3578544
7412235
6860421
9320666
1210795
6579599
7855776
6749385
2653992
2906795
9587152
4022525
8800726
5501039
2755374
6055522
8761760
8387801
5939046
3132259
3646236
1795635
9058041
9492087
3578033
2543032
4089118
3618487
2026546
4070514
1756865
3598404
2990968
3431263
9433636
1677693
9270597
7149700
3991136
2481155
4639734
5746536
9636828
8900101
9617596
7584637
2374019
6727055
9851447
4161132
4387862
5068131
6824601
4139806
8522259
6097002
9129955
8034576
6476264
9220948
2735672
3177511
9293680
9751944
2444482
9368891
8320947
4275593
5422536
8264644
9880097
5898806
5837053
1605773
1899274
1587830
2565916
1321459
4274978
6013474
8851396
9488508
3097845
4131104
8466346
2143387
7461333
7023087
6634696
2085323
5710373
8294220
7707438
4382445
3549622
9828601
1959126
8436806
3729055
6707468
5430809
4322967
5492734
3395999
3064465
9656664
8757511
8203724
9975485
9503672
9180797
1466996
5801635
9177379
9548962
9939155
1705718
6839887
6633267
6567697
2818390
8183263
7761593
5742719
5911319
7570275
4997349
1303177
6023759
1618366
4389806
4623888
8406215
9967179
7924757
1337833
9524991
4340495
7376838
8090133
1660200
1392495
5476296
6706134
6115973
7914433
1503896
6559025
7374385
9630703
2504962
4789269
6555405
2032073
1139591
2540368
2288878
2361048
8970695
5247426
3548188
4188444
2834642
8921303
1510770
8538332
6023942
7926128
1264061
1916443
7224431
4109392
4258993
1391222
5734273
6974970
4626987
6287936
3745700
9186796
7645105
9353454
1698273
5786342
5721940
4265895
1265170
2036369
9691157
3151684
2114364
4674875
7047398
5421076
9597160
7913598
9358017
4395639
1260346
3951876
3838755
5968154
1708008
2314927
1259947
5875011
3754460
6713218
3621103
7731857
4505047
7286854
3103676
7360522
8364576
3731325
1158147
4801207
7120947
1913002
4743505
7548157
1629067
8339232
5653825
7056098
5816514
9878996
8853607
3875928
2963309
4114652
8930940
3253628
9219647
9822446
2084043
1942905
3104347
4453527
4198135
7715255
3265871
6515912
6685980
7109941
8044188
2580251
1535534
3670921
3671556
8802932
8331910
1544607
2278798
9331015
4551400
6465611
5602848
3013321
6590413
9678737
3070864
7463947
4847389
9726875
6738343
2106293
5820654
8696103
6153543
4651294
8115773
6449457
1880740
1584407
7267889
7839929
6795917
7206486
1875490
7870088
3809652
9682765
8895814
2301090
9980180
6785774
7803327
8953712
8197380
7082492
6210705
8576028
8344166
2266073
8328266
8932335
5297794
6950667
5856462
5261277
3869964
1980965
7050758
5468783
3667449
5695725
1466335
2985767
1884462
4522273
3722473
5968610
3313271
7014919
2104511
2599624
5357154
6894737
9359866
5788374
7790815
2432860
1662253
9461671
3003058
1915163
5771258
9309464
5111039
6177675
4904473
1920234
9863129
4987344
9369838
5016371
9107541
7787398
7383307
3941862
3250039
6084803
6420660
8930621
4411567
9521121
5397428
8249402
8450661
7022325
5143893
7909482
8853172
3931159
6851106
3538399
6063859
9745628
6114666
6755923
8847997
5271292
7381783
5591059
3079999
6087122
5413283
4072486
7349356
8788268
2144904
9084471
1879718
4756894
4748241
9501532
5915755
4409961
4375044
3780094
4562233
1872700
8306864
1425376
9898140
9072184
4661968
8701917
7790448
5729587
8256556
7297900
3077876
7926002
9464229
4375977
1900302
9605683
4996036
2230507
9424270
5503242
1958410
6471467
8100301
4679823
7476920
5648666
3878937
9052766
6655384
3779984
6527438
6871306
8721194
7772681
1499316
2197885
2078549
4067630
4983259
6224277
7898516
5202354
4458837
3548012
2213357
4705270
7200694
8282408
2345304
8542601
9815756
5603661
4126802
6159338
9273869
2402775
2978853
9088961
3847762
7137889
8019823
4115136
7531765
7128578
4370494
4176122
2880987
9816398
2146144
8184170
1533871
3159125
9675031
2293226
6778741
5713978
9339689
5854799
3369418
2324388
1232397
5961370
3380125
4760863
4728803
2420379
8506292
3326350
8951652
6599591
4379412
8373193
5303694
5881588
8685891
3473727
6030526
6678341
5120578
5471364
7653435
8048688
5476654
5369984
2892908
7424389
2257529
7869656
4550085
3024384
4107315
3245068
5366427
3747084
8183136
2855418
7013821
7233831
5128962
5636209
5999629
7586812
9472271
2614501
6030816
3126033
6999345
7096137
6591236
8669113
3444424
5631226
2126593
2742119
7036265
5700160
4955507
1858897
1743720
2793888
4748049
6154997
6514688
3256712
9818554
1667096
5057343
2108716
7550921
9180159
4166381
7351424
9854472
3539771
9339287
9671865
7291643
8373874
9053897
8202284
6292325
6314168
3462482
4385345
5608296
5113956
7599160
3679135
5303949
5744160
4318394
2673266
3231864
2378094
5735929
9872557
4186760
6661226
5522757
4274770
2043793
9057966
3959039
1635724
6069746
4047607
5009140
3339775
5999089
6572509
1503293
9855712
2352391
9649366
1871952
5262508
1606772
3736911
9221444
4322389
8852527
2803840
2518793
5776296
5269689
6229844
6686328
1152468
1267669
1874214
8176213
1211694
6102620
4998060
2947755
7345529
2863686
1136414
4381871
4421482
1219542
9874566
9499480
1855948
1488487
5148639
7601262
5013759
8887026
8079653
8050386
9370231
4500550
1792076
3257317
7782837
9974857
9192853
9697715
1264228
4977372
8491416
3264565
2571267
3093682
3837556
6509377
1232879
9095134
9981481
4808111
4145996
1851940
2914113
4122039
6981281
1299702
2687513
6726521
5722384
5046972
6957307
5239781
3401942
1416603
7024855
6456536
4301360
1738424
2870964
2548454
7428962
2135726
3635080
5282216
6211504
5852842
5379458
4635407
5502981
2809096
2473187
9389493
6800026
9447169
2735866
4452031
5265169
9433350
6779264
6854328
5730226
6158829
9554180
8789154
8301809
3150471
2658453
8643540
4125620
6423119
4469855
6951178
1626245
9016566
9093089
2132920
1844413
4657092
9990773
3617042
4240010
6707379
5530174
6565846
1503908
1922753
2702720
9358317
7158435
2820179
9722910
7682288
3944630
1416362
7592456
2471245
6177408
5223331
2400718
7124550
5927215
4002837
9283169
8840171
3674063
7189250
3992628
5334424
7822499
3148427
4443154
2964505
5277714
3190629
2673195
7079207
3421928
4387746
7936335
5229551
4304798
4487802
7408540
9614118
1943567
3096803
8431696
6172618
5805877
1295350
2349032
1447719
7167063
7101709
1288033
4416367
3838698
2485858
7146941
4805534
9113264
9233906
8171711
3685687
2156959
6282109
3416585
6224393
5780593
7077343
3657228
5602621
2322246
3901096
7592553
6875445
5525009
6165814
9865084
2794371
8218273
9185991
8236197
5555146
3315149
2634988
5736337
8554652
5130660
4936751
8474288
2234796
5760106
1771587
3907084
4884676
2535585
9973395
4675649
7584696
6782709
9391050
1515980
3213620
7263005
8728504
8826378
7233933
5784753
5863266
7425730
5522257
2502049
5691651
4486541
4025072
4929458
2571989
8681027
5437386
2637889
5870909
6444579
1140473
4653767
6495326
2705559
5991418
4938954
1304073
7297373
7324701
6986383
2332779
8198164
8321819
1416267
9006444
7401734
1850160
9405950
8209184
7851336
3173598
6520085
6035018
9616833
1583165
6518620
9147982
3270753
1737916
8680491
1265970
4556003
8954448
1121349
3606809
6868160
3556340
2189874
8259201
7712092
4613753
6569074
4030727
7650477
6484987
9212078
5272596
4122717
6713679
5145375
6025740
6320909
8777497
9093496
7645282
8543989
9744771
4720382
8814260
2993894
9080899
5031746
7474595
3995329
2250805
9326789
2945890
1582163
6572564
7199300
3954837
9334697
3431921
9903751
6063187
9657240
3424842
2860210
8414308
2256432
7869794
5369478
9225925
7686885
2360892
3660046
5756778
8208362
7861996
3536478
8858643
9120004
6663582
4514050
8446610
3385950
6861710
6319006
9914493
4091197
1664651
1818410
9568921
5365572
5103307
5765664
8926805
5649620
7874617
3593801
2557708
6463967
3455693
3032699
3690566
7862186
5617768
1230834
3410237
1870305
4032741
5519519
4505384
9007223
3834976
7406592
4759861
4708467
9305833
6515210
9720784
6390529
4996204
3683804
6974718
8594823
6019908
8441746
4199367
2455339
3870840
8966050
8365759
5413247
4498102
6068005
6958280
1268876
4306830
8249968
6488571
8661944
7455996
2772040
9740356
6171337
5251909
5230185
3148164
7441739
6766211
9468108
2175694
5687145
4582820
3575931
6621856
6437390
5460132
4567688
6423522
8840128
3047037
6972046
3374790
8495995
1612553
8970759
5330802
7196299
7835370
1247554
6766462
2250641
9866094
3532053
4027277
9161128
9468492
7050380
8696150
8701902
3688447
6288613
2619809
9838635
2754182
2501879
5446987
8703725
7314846
9417744
7597627
9419979
7413654
8042639
4970170
7808082
6363584
2269549
6259365
2411738
4373368
4626626
5126742
1558872
5190933
1958072
7179195
8708725
5800812
6416493
7129997
6927501
3776527
2722441
2130248
9025694
2299084
6261410
6544987
6185332
9425602
7146389
8017103
5650939
7660774
6119885
8676873
2507500
1508248
5698226
4810987
6440695
8786134
5763098
4833425
9996000
7631494
2906479
4745096
2331144
6573016
8576668
9508625
4856958
7053792
2949979
2292077
5258679
3804938
7233568
5800085
7424625
5300882
2333576
7581207
4336293
5745324
2462022
1528184
5413708
4996789
1373572
3498938
7357715
8124960
5396545
5216888
1313581
4281387
8163872
6435779
2246972
5219547
7739983
5095835
6239738
3806569
8503558
3955077
1721105
4950313
4111744
5477928
5282316
8580460
9898616
2503357
1970261
9015061
4210342
2200551
3772588
5378845
2167143
2768430
1959816
4764535
2078675
8875864
2443584
7735057
4470809
2651027
3124604
4982517
7491544
8996680
5131257
9642514
4118837
4009910
8590545
5392124
7906726
6688503
1951894
1341445
2148367
9743638
6683904
6002689
2064280
5903777
7531908
5983832
8230392
3524379
4211931
5616487
5866487
7437030
6768493
6360713
2592565
7233732
3793859
1805436
9838128
9414686
3764945
9902689
6207330
5693704
7950883
9777138
4748321
8763360
9014368
3324006
6606864
5851948
8415032
1841012
6097853
9869323
3108257
2551831
8085362
5384030
7909018
2761990
8623352
6926116
6268058
2235311
2838862
1252038
8173685
5282273
6143844
6615674
5004290
6497420
6595599
8589625
1126164
5143665
8455974
6257013
2398231
2412891
3611610
2644323
4229630
6087350
1496669
4680360
6110244
2481246
1239037
9775980
3557125
3125696
9507711
6981586
8268973
5305136
3551028
3964374
2007105
9059277
7446041
3637566
5053343
6713702
4678908
8646486
6506430
2477546
6940902
7827550
5036061
8047955
5521112
6561098
1492509
9592094
7539964
4265024
3034879
4623064
6030190
1570488
3619549
7345232
1803806
5144530
7477555
5762864
7436687
4048606
7196739
2231844
8029633
2470974
5208139
9530832
5284605
3650061
1626001
2581886
7110395
3823357
3561195
6383223
9987525
3468649
8938757
9228937
1745494
4790769
5801012
8306268
5304479
1307731
4903087
4660768
5063065
5029266
5873707
4814376
2629882
4505988
8303773
5481818
4524787
9505771
6171745
7367948
6814326
3157430
7566481
1809333
5475700
7020318
7500035
7837748
1377560
8739233
4748969
2683773
8283288
4598316
6823668
1829291
4059769
4353050
4416502
7330361
6915191
3758361
7004525
8117679
7998388
4816610
8952215
9462052
2037491
5546377
3388126
6383537
4547543
1823216
8945178
1998215
7336650
2019648
3369071
6259065
9398044
5119439
2709626
3512780
1413617
5392041
4207495
7976307
8029716
1478070
7709098
7775599
7210220
1483305
2002747
4683224
1779515
3457181
2256512
1910717
6931484
3312165
9134428
3792714
7884659
5300314
9881959
5306114
6160833
2915465
6891813
3278132
6050661
5876646
2519336
6833045
7918039
1430312
3851294
5569106
9543529
3506084
7826221
5940393
2375190
1241653
5282874
5658888
7911735
1729101
7100163
3398880
5500056
2819988
2327004
2182369
2135211
7576200
2536021
8305200
7777769
4463923
1851044
3770909
4791903
4334376
1364529
1798935
8308537
8770026
6085013
4545849
2932316
5140081
4523753
4324174
3302666
8450855
5474998
5149813
6162868
4718499
5721539
1809658
5588861
9966426
2274655
4458741
8778545
2630327
5110298
7865317
2843293
8677502
2885741
1186408
7773974
9588970
2797618
1178968
3246485
4791409
3070061
8171787
5913628
7865860
4720219
9414027
1241763
8571320
6744127
4051169
4386172
3263325
2134160
5118821
7029407
5425652
3218148
6304911
8976279
8786238
3446972
6839521
1458487
5803003
2414836
6144422
3504717
9870977
1730613
3942222
7090525
7447760
4467614
2179284
9466201
7324530
7533846
6771945
4499963
6996724
8421050
6980414
9244283
2756320
5391376
3509775
9537084
9189604
4641295
2766595
9824550
3937365
5689440
5584912
3608881
5269550
3508230
5525603
4274266
1144337
4876502
8831715
3416331
9497736
6868858
3355311
7195869
8874849
7008904
9709246
5481930
5094099
7310446
5535334
2104040
2989152
8189301
2560448
4974965
5113244
1795340
2603722
1545958
5658252
4887112
4943630
4920153
9898332
3111985
5717794
6389742
7356764
5227039
9000301
1728591
2020112
3480957
9925575
7969483
6673074
3294123
4958623
3974995
9152132
3928361
5828950
5765350
7038483
2867036
8240397
3199800
7580546
4601553
1594005
8291607
7833218
4094383
9503343
6409271
4158219
1150113
4986461
9104511
7125924
4046483
6530697
4939512
2842841
7026404
5542378
5956099
3420258
3362081
9891735
2252648
2386079
1241057
2378167
9296167
9159876
9847867
2714539
8433236
5974857
4191368
1820302
8738175
7783410
5293316
3375555
7289829
3479562
5084607
6386482
7401329
4743413
8561368
9637578
2880286
3675709
9815248
8382265
9085410
3532442
8727569
1922513
8021323
1755891
2973535
1528298
2586482
3754623
5167810
7960466
9554885
6640672
2603778
3454134
6494111
3334714
9340009
9441829
9904306
1602193
3416987
8591841
9579762
5706255
5639848
9060012
9352181
7319327
6059896
9500954
5781627
1509850
7252026
7941177
7971954
2247125
9104237
7874615
1358353
3181078
5075842
1976865
9570203
3339426
3466364
7526891
2213014
2001588
2302378
9308856
7897615
6731424
8531651
6971733
4136143
2678779
3869650
5991517
8927321
1595411
1827786
4599259
4217144
4651643
7265764
9903020
2474533
3664194
3947952
5647375
5167719
7040326
5605157
3666584
5903884
5289838
9022196
7588873
4548770
3542984
2196543
5086684
1903103
1609003
8429558
3806404
9347667
4026617
4295128
7400185
1416570
9355509
7093758
6594459
2238961
5915451
8272515
9395185
6931566
9517482
2471951
6129399
8983805
7503116
3998261
6280585
7524854
4592113
7375204
1546191
3132189
7560014
1272942
4354935
5635495
4638733
8755799
9939747
4169525
2639516
7734467
8911025
8376202
7878650
1587329
5186228
5414204
8867931
4424546
9494637
7945347
5122444
7481610
6591885
9607723
4146275
4448149
9856389
8110331
2726954
2189422
2616008
6333475
5298394
2382447
7498945
6613039
9492792
3933768
2993717
8364213
6064076
8227936
1428302
7708829
2128541
7537780
2337696
1404804
9723563
5545001
2161558
8442655
5430889
9655385
2721566
4267154
4809901
1191300
5182641
8760217
2375184
8980715
7107735
1199762
4247401
7277851
4755137
5232665
3903115
7168592
2274846
4716507
6037674
9525938
1582761
9333799
4306569
5343945
2442666
9088121
5453412
1771221
9094909
5029016
4484611
4809472
4044566
8854512
5020141
5794215
7948325
9422985
6840010
6955670
4732015
5428026
9135213
9131681
2633332
7849303
5910279
9282734
4156588
2491970
1413247
2150712
7004908
2342617
5129272
2578949
7662688
5697610
6184861
6355165
9215584
1892122
3756620
6014105
6521553
3411432
2592403
8457715
1128294
7510319
6732509
5463698
8640474
9821378
9004683
7954868
7515312
4371622
4546115
6483247
3194218
5314147
8752554
7880513
1307625
1493034
9990033
9291857
9909452
1185955
7390280
8298242
4978969
9867303
1537117
4246748
1136985
7694220
8737411
2697045
8479870
4218027
6837493
6949477
2235492
2298482
3970098
4479095
7479322
4499516
5394652
9352902
6344624
6447919
9360886
7843131
3068676
9329464
6784688
1527452
1405259
3739787
5897204
4433587
1484841
3708246
7902846
6367450
9649770
9540430
1289219
3928985
6120266
6491804
2522380
5290327
9384942
5519252
2637252
7698165
2281335
1689093
2624652
7522531
7071393
2777068
2000694
3035770
5087970
4916129
3580143
4895576
7890892
2223134
2597140
4172504
5029759
6903124
5240909
2519093
6206927
5280494
9559817
8478799
3360963
1651672
2186817
4738112
3237965
3059343
1181697
3712504
8924600
7601910
9853078
6792317
1847095
3301776
9665840
2175372
6216912
2429841
2803390
1459500
7922090
1392791
7361353
6793955
7722889
7363238
6939302
6963390
8910431
1980743
2671365
9020104
9853818
3020637
1122063
3776423
4379803
6566962
5442064
4014592
7344106
5713093
6406274
3619782
7533628
7026011
5616683
8299398
9495425
7555757
2971846
9561401
9643881
6118769
9025380
3683321
9280278
1763379
7479213
6857573
9388537
5940042
8367691
4951309
6457450
5852083
9410304
6297157
4624411
9603408
7065674
1932514
8071042
2604081
4767988
1434081
6196163
9929464
1571040
9275245
3391665
8918042
3757372
3406981
8219905
8223527
3719106
8442356
1591917
3451591
7322986
2808673
6904432
9925672
6677961
3427846
5813953
2301218
8887157
7222518
5182966
7479417
1636186
7904906
5316353
3442374
9597827
6439145
5052867
2872334
2900573
5614141
5528433
4429171
3698625
3158918
8011365
2077428
5163002
7573952
9778799
4534958
6301357
3841759
9905360
8100582
9436987
3271643
2518635
2523559
7809756
9832603
6139760
3641184
6246300
9317577
6939174
1990331
1854026
2617740
8634212
7102702
9932030
7422823
7569896
4811479
3605333
6184919
2793099
1710334
5695279
3869718
9842091
7891446
3075786
3076410
3349847
2905312
9117517
2130329
4585166
7758415
7520828
7552685
6725416
9601573
5295125
2393537
1230922
3863903
4337858
6224760
5146250
4580699
9133052
6743608
1253275
8779447
6668070
2327378
3507353
9100320
6374646
3351140
1842282
1584842
5662525
8912729
9254318
7743929
7613259
2005175
7379299
5267170
3076812
8683484
8659958
1545927
6632547
4957602
6329611
8050312
3673810
7257578
5008913
9229381
6092787
9284150
8813372
4935657
6370276
6437892
5677837
8826944
7786645
9848562
7013685
4648969
7582180
6106672
4288288
5720383
8717426
7165631
4312075
9824589
9682431
4695612
9244549
3234568
3249238
5199146
6041158
5974887
6117732
9532947
1414597
8883630
3438322
5842640
1977194
6393439
6413986
6730254
7915103
6463138
7620191
3863534
2384393
3751594
7755567
9923110
3790887
6487791
6088879
2078259
8966956
4314761
2682642
8337750
8518786
4735984
1420083
1942634
4596505
1526760
1948051
2359598
5457994
3501417
7501956
2541625
8751572
9965390
1474966
6700896
9987620
3202598
1943007
2679225
8847946
7417190
5511972
7675515
9261570
3728484
1752484
4995472
9086886
8188917
9297626
9425960
4491602
4274227
5794504
1863637
9426345
6212211
4939749
9650676
6483063
2237464
9881334
8582603
6774679
2874359
9771334
6459415
6646710
5281500
7247202
4598982
4334105
7804789
7150072
7257226
4578409
9523974
6126643
9203453
6108879
8079364
1433918
9979646
4905372
3404545
6276546
4706743
8178025
5183567
3702868
3601566
1147713
5451153
2881315
7644941
3668706
4760518
7615860
8065661
8425595
8882011
2561097
8768889
7759220
2449560
2471592
7439423
2795887
9991592
8521856
3154705
8879092
6873180
5325326
8444085
1481222
3827404
4800467
5647774
9810397
6751032
8949008
9758503
6428930
1827486
2119901
4095202
5094633
7422153
3833899
8624074
6802547
3744153
5008386
4214927
7897686
9371715
9798841
3180845
2421139
8537575
5086827
4041508
4421255
8619076
6703692
7715954
4765789
7891956
6267337
9992235
6869151
2466418
9376607
3027851
5172644
9473751
9906979
8631473
2945325
1927609
5690699
2727809
1694285
9739229
1125590
1456468
7239960
9345600
3932606
5652240
2118015
3109295
8214517
4309331
7638027
8809922
2172392
9779503
4995825
8923353
6884344
3573107
8528093
8604732
7422562
7505351
6588362
5252529
8931599
9651505
8495558
6435940
7059756
4022378
2172644
1914284
3407542
6807239
4866761
4821326
6739893
1337086
6449731
9547303
3741217
6308694
4332492
8752010
6237277
2660206
5928637
8229105
6992172
6285956
1535537
5146779
6325534
4690071
1207854
5605477
2240835
4458981
3141464
1340792
9073569
8763821
8079419
6114878
5487571
3776020
8310663
7132458
3439118
5162428
4832893
1813865
9058815
6565192
1329588
9420801
9919587
3942042
2666820
7868325
8759551
7722509
5393597
1880960
7355973
4208491
9481255
1966917
6538150
5782733
4576792
9765186
9763567
6522305
3706538
6428018
3878291
9303738
6662314
9391539
9829242
7799579
5821408
7009636
7005343
4785851
9667055
2251713
8185095
3690116
8929398
1745405
3358810
9467116
8468457
7604133
8396820
6912102
9055310
3049581
8034737
4430334
4200950
7946130
7020389
6172823
3542637
5441740
1562950
9948136
2445878
8912766
1700906
7425908
3719783
5690734
3689613
5140503
7859345
5976394
1332738
5451810
3213915
1167527
9750295
3641867
1217925
7341834
6365181
2890120
6454379
1261002
4614637
6508191
3785921
7149609
3488021
4966866
7591617
4963460
8777086
2539801
7244956
9814337
1418862
3144035
3569239
8932478
6634269
7048503
5219996
6199913
3325936
1365317
6745120
9266614
4979510
6297176
3838486
3951298
5276064
5050404
4022697
5723684
6672997
1943090
6651594
1859840
5431230
4157911
6110775
6577051
4544962
5148112
7223684
9271313
5402871
2786495
5134811
4925265
6203768
3815351
4960013
6646699
7713981
7876873
9833414
4573148
4426601
4573858
8012834
5269846
9207231
9026241
2347939
5739017
2644788
5464506
3033802
8409355
8798453
7487595
1238077
5608414
4150071
3345609
5352082
6719995
6423251
2836014
3487260
5634363
5395872
6436179
2227685
8107252
3004529
6660739
5715407
9908869
8586469
3957660
5928615
2295332
8246648
1873457
6728487
8390957
4544303
5345181
8367154
8218650
7887553
3301157
2794564
5465131
4837808
1740710
2515994
5471248
5576963
4211676
9277199
7910215
7313583
8020086
5851021
9702448
1430484
9526424
2025494
2743698
5829193
3188259
3132394
3288744
8167439
4807542
3699807
1712097
7084088
8130614
4517922
1321268
3547011
9724577
3339304
7656758
4798093
9053308
3733499
8568951
5312007
4957926
6283384
4789698
1127062
5451085
4121575
8096005
5860094
6330684
5023720
7161325
8247818
4458378
1589183
8618886
7094615
9381829
9139460
9325756
5904321
5580692
1686864
3161114
9801353
1628889
5440659
4300829
9231837
1945295
6456540
5007458
6303086
3502304
7285154
2835380
9122185
1197776
1135803
2288201
9220911
5777741
9337073
8348367
5311225
2582464
1713507
3545677
1179067
4559334
9844130
1938478
9305999
3355461
6783547
9971466
9192752
1464878
9107042
6198844
3565620
3814368
2017140
8705187
4842848
9245109
4806156
6733168
4527900
8241227
7686509
3151599
8020251
4843572
5426993
9177740
5982187
1631946
4749530
7093800
4877054
6939708
4421034
4354187
9454851
2531942
3481377
5676091
6856767
2924267
6611172
8435798
9079543
2953924
4376459
9359301
9309652
6140312
1507549
4189568
5636054
4831003
5066797
7056409
8619449
6032551
5909947
7057088
8642526
9151507
3183932
3556947
3554008
9609786
7597149
9077324
7091793
8725773
8285551
1863325
2899527
4640767
1573421
6827798
6147884
3500170
8672038
5007586
5525837
7151003
6959922
5988066
6486565
3234599
1813814
4870780
4870439
8349522
2237707
2712097
9275027
7028406
7334972
9345899
9965639
2894218
6651870
1717498
7563150
8075595
7072786
4430106
1631988
5523518
8608993
5904840
8023763
1701491
4265651
2993309
1231812
2454086
5444419
8516724
5873543
1594116
5041451
6235302
3060410
3088595
4365369
6456050
9340903
7249353
4963390
2001438
3199145
9982158
8859982
3831589
9793823
9908152
2744418
6838632
2394761
2220165
2637916
9310114
4725035
5196635
5360076
9843175
8434976
1740145
6935281
3910501
2681945
7010061
6430556
7045047
4877711
5277879
2762856
8931224
9652345
4665123
1130445
6656468
3523894
6017130
5111194
6811708
2023666
8587928
2374690
6447686
6666796
8716452
3564428
1565774
3576621
6080808
7920994
1539149
4463422
8482370
7687146
9172814
5009503
6649709
9441553
3895456
7772712
5612077
8325969
9806244
7876061
8571171
2890514
4178556
2705174
7099516
7196791
9732461
3052409
4759033
5671062
7521925
2843629
6134520
4969637
7785044
8783115
8037336
3140459
3095188
6360636
5690670
7154932
1298657
1164865
7107605
1557886
6194508
9589278
1916140
6976294
5810603
3495607
7114276
8983146
6690897
9759252
2353341
7727128
2680533
3052688
3568202
7083207
6871082
1950505
5626677
3201937
4826283
6630763
4715440
5758253
9527385
6092535
8191131
3946585
5480235
2732075
1263443
6610227
1491932
7671922
4180586
5629211
4767668
5777647
7852359
1613705
2102944
5559287
5872442
9921657
2121265
6036864
6716101
6947835
3620169
1490294
5344545
5806364
6324992
8101600
2826594
4012379
7237419
7498594
8530788
2056475
2051650
7481611
2377495
4939460
3637708
6814533
4999666
4339784
5280759
6114819
3110415
1267267
2281444
1300120
5782716
8663253
5410751
4922322
2778918
9032920
4849905
4258172
9647310
2033755
9308961
7280790
6562252
5498649
2964271
6142782
5478808
7386058
4151240
5913665
9787129
2325001
3126582
8743042
8687995
2180289
4222021
3972221
9321054
6062918
3208703
9340870
1440714
7332180
2496786
8698527
1595669
1465952
8066394
2031901
8046976
2175635
7312436
4255581
2338702
5524414
2024510
9965969
5022835
4324721
8880271
4305368
4228988
7621602
9076238
2232523
9103440
2940297
3931884
2697001
9686694
3549738
1146648
1788702
2815792
9610793
8668794
4851362
6771102
3555643
7570514
2754269
1747368
7190879
1997905
9402231
9546773
8656051
7900061
7727350
2347841
1898871
6099352
5159726
8632301
2652818
9750953
4271117
5034081
2898597
6045181
4512598
6297650
9035043
7037161
7718066
8119952
4691340
1376458
9386675
7897548
3589711
4705151
2935106
4411166
2098814
3722689
7375637
7665399
9416285
4485353
3367854
1113259
3930422
4607594
5926236
8609382
7090295
5386399
8417520
6068401
6378203
9623280
8091846
8589279
1542392
9185982
5248723
3297817
4621467
5772782
9910747
7806776
3908987
4019438
3077766
4774709
7978517
2334009
1744797
4399763
4782500
5569120
9341786
7815371
3113516
3835093
3567994
2741272
8004918
6784823
1315456
9002936
8134713
5619789
6739491
6826570
3104868
3986379
6799608
2590137
9002177
2486686
7699177
6121081
8898432
5285151
3067449
2157814
9641308
3767169
5301015
6188360
2954627
5845961
4568871
1207247
4213258
3466977
9866733
3042635
2427527
3954193
3229014
8027418
8090368
5830321
3682698
8019993
2130982
8228498
9958676
8698309
2402817
7931143
7221899
3723154
5895334
9155373
2315823
1248783
1455321
3379838
1394102
4281251
5477883
4241232
2023310
6344942
4399448
1222840
4912063
6829021
5519516
5475399
9597925
6990200
7328085
8749858
7221705
7966530
3309954
3344000
1352152
4294053
4204704
9185896
8019693
7264793
8447047
7813218
4380608
2006679
5803083
7038530
4880268
1938052
5416352
9400799
3100380
3175066
8110234
8799892
5666399
9718558
6380596
2214289
1453895
1800147
7074617
4960622
9678541
8100457
3064651
9291279
7748043
2961054
2268533
7435005
4996907
3434866
2596651
8710133
3160926
4577404
1437650
1211118
3401980
5686864
3976005
3607089
1942014
6103310
5190500
5912247
6917787
5269132
8249778
9461986
3825092
2665577
9019277
7022391
2500793
5550034
5761728
6558770
9414404
3484068
6162446
9099289
6606388
8514261
5980752
8124133
5098541
7281982
7146867
1984964
1675803
2859813
4231429
2778938
9733453
2411254
8046739
2910878
9459192
6240628
6199134
4058293
2633974
1386044
7570463
6041666
2612251
4963689
2858004
1173213
5866608
8314413
8961491
7626759
7919845
2207092
8851096
2029229
2792184
8147800
4148545
1821355
9745595
7963468
4338159
9813375
8095958
6301514
2042919
5906767
7516233
9781480
4187809
5274971
8083061
6565685
3086582
6638310
1277257
5849366
4660841
2148677
4831105
4287366
9564621
1609682
9878541
8841755
4458140
1415049
9462185
1315964
7037592
4109104
9626798
7456071
3819523
1407483
7043354
4621852
3184125
7654846
1279972
8172401
7671636
3115334
5689168
8441165
4592894
3217827
2051168
3649170
8419834
5046397
3007190
9150415
5852395
7103115
8134654
5896843
8450394
9541862
2043217
4188242
6073171
6293989
5233251
4249212
5278839
8868694
7565906
4285687
8939910
9083799
9370019
8130459
7445227
5631308
6986417
4674976
6091266
7793904
8661862
5348747
7920918
7069211
8711781
9185401
8404455
2993240
4278432
2557636
7644528
3704481
9199181
2783685
7495493
2872713
6979685
5364766
1662134
7454212
8172235
2986380
4618480
5905283
6609938
8954612
8107181
9458963
1147697
4599343
8761852
4281099
4682608
5647715
2572057
4897029
6689822
1898894
5055241
6560812
9477633
5334479
9815989
5151253
9442535
2416107
5840583
8886926
4769549
6469819
6955327
3077376
5664428
2559764
7061991
7096730
9671684
5690663
2879946
4216114
5899081
9639053
8121627
9507136
7146506
9428041
9220465
6126984
3807341
7407915
7065343
2259209
5052839
6980432
2537626
5011027
9928055
1725807
9429764
7679380
5187811
8806159
3552771
7365278
8904691
8346702
7968394
7212843
3949520
2879070
2918126
1786449
6251703
4709145
4463582
7322675
3043487
8995974
3964668
7104229
3783155
9373713
9209905
8289093
6538403
6787552
4042363
8142456
6425432
1789767
1892659
4661815
2417811
5209026
3971014
8314001
7701007
3714045
2965596
8112898
4555232
4569673
8028754
5453762
6639867
3063325
4534875
6252619
7358231
1610806
1528061
6649695
8846830
5864316
8116128
7575844
2869402
5121402
6108483
1652217
8760158
6407647
2839286
2564209
9294008
9933946
7750360
7925266
1630028
4946976
3198136
1528463
5468132
5436590
1858172
4646731
8442712
9935989
8719460
2996001
9304187
9714086
4735506
8219301
2389612
3914651
7034483
4475333
9151429
4291491
9762384
8693801
1477490
8291706
5839236
6940934
5384493
2279884
5949089
4831713
9236599
6437290
6335828
7712333
5336832
6032612
7034884
8654567
3740442
7577128
3703422
1802499
7765102
6509384
7739083
7895807
2225171
7028882
8903692
1475359
2671261
9921451
2423306
7439651
8079879
4346782
3321066
7523272
3221475
1272265
9424952
4695318
7515788
5778144
9354863
6118752
3179552
6746756
9300331
9689732
9061364
3946438
7015306
4427948
8748133
5652798
1304046
1870093
7945227
8938778
7339541
3835986
6738382
3785896
2546109
1613474
8801212
1204339
1408114
5483187
8561417
6648466
4684768
5812226
1761742
2282259
8551333
5600261
1461043
5418791
4384253
3754030
2087353
8685728
8314863
4136526
1392105
5950510
2180230
5933794
3508012
3930789
9169770
8847941
3635876
7454351
3441902
7755073
2349357
2311141
2162112
6794952
8726684
1216269
8155690
5009300
2728590
1152385
4145574
1313558
7177249
5561253
3028770
2089730
9991530
8870190
6533641
8595863
3960574
7188621
1783100
3076014
9624845
2099443
3704368
7249508
9887181
1358147
8675230
7562799
1818851
7286140
7534823
7893667
7190469
9054656
3253333
1569176
6413861
3133536
2020557
2562731
4090340
6102758
4324966
8303894
4500612
3416802
2974390
9843827
8787833
4350433
1517055
7009929
3412691
2818646
3019243
2490321
4831468
7908545
5244036
5137576
7205317
3825132
3624745
9753112
3707966
2081713
5928118
9674875
1286807
8654834
4321774
1666261
2563756
3348589
8491324
1460906
7209666
4309300
6859295
4799645
9929765
9136118
5978953
2566709
1912000
8437797
8904329
2614375
1807955
2925758
5396287
3986156
6161004
7892636
9744442
9829352
3099331
8003574
1580143
7366546
5550756
7376141
2142367
7183775
9796060
8824761
5913827
6543398
8971141
4376004
2485892
8969579
1657711
9829637
7326522
7593474
7308172
9065874
2171998
9503811
7632426
2641407
7872758
8510627
8931052
1281076
7603081
3932487
3767952
9726883
1934354
3730424
2413218
7472322
4516590
8347818
9748047
7906122
6514398
2164176
7636800
7021761
6337574
8172451
3755880
1168633
9982763
2263978
4020677
5492439
9841721
8454201
9093773
7468887
7387471
2032945
9195636
6954219
7820237
4950637
4030873
5327189
8159352
8898338
5331654
4436963
1922555
6671948
5745226
4464755
2218629
2972234
6780890
8836614
9950871
8305877
9155689
4250358
1673642
6281546
6417462
3608108
6294267
5474259
5880677
1267992
4743143
9224704
7613845
2220182
5015279
9994070
4866149
9054666
5246343
9544497
6816594
3850785
5137310
2858320
2204347
1150567
3547735
8506354
8505595
5057304
9965975
4146830
6958953
9417943
5131369
9814637
9408264
2385209
8595029
6012657
6155857
4190318
5726626
3427309
9157287
8415742
3747550
7404243
4851423
7725651
4496535
2011336
7024874
8095066
5791332
6651867
2989940
2934513
2843161
7083842
8567129
2867740
2211244
6931654
3869793
4058847
1519412
6618223
4568950
5122515
7055961
5300390
3977358
9011104
5079686
4767541
2677971
1483421
3087211
3451796
9018024
7970229
7494214
7341420
7297024
8542104
3133340
3962265
8595750
6783082
8696037
8077884
3066772
7529993
5013599
7768657
6524231
2975652
2018540
6597935
3086240
4560292
6095622
4961197
4131824
3361898
3753028
4931764
8502232
7663836
9717334
8644751
2449640
4514314
9557334
5676136
2676530
4849871
3546505
6218156
5375629
3225862
7614896
1261759
2758584
8744014
4372595
2149464
2225906
6385167
7573993
3210328
8954188
1525002
5771871
2236475
5313905
8110374
1570216
5190597
1483793
2641965
1452595
7273899
8172572
8627710
7589793
7488014
2790006
6503278
9406818
9452906
7466007
7095561
5136461
6525454
7016635
9571106
4903609
8756661
1839916
3139227
3633511
8721658
4847316
3488441
3683487
5969838
5587141
8267780
5270868
3449808
9865482
6207476
1695377
1410516
4439235
6960346
6721519
6671942
7103748
9408333
4536370
7465769
8248729
9280740
3848816
5441659
2847066
3701456
2782077
8725840
4213313
8577101
5885794
4259316
2250687
5158573
9281489
7050763
2878458
2212863
3301389
1864038
5132886
3672460
4311123
3240324
2184828
5604539
5777058
8777600
2954214
4545069
4223064
2533800
8567827
1429859
4855507
3892772
7951261
6362087
8275717
9231751
8646883
3248181
8097205
4991475
7368836
6156334
9783627
1294085
8346724
3032345
4234249
9463755
8715560
9769991
5606316
2728889
1826419
6783676
1625142
4017588
9025440
6165123
1783067
4276982
8879858
8610117
6502593
9272415
7596910
8182222
2920859
2008474
4777673
6475140
7092678
7028041
5333765
1515024
8477478
6257897
5232829
5022813
5807133
2440705
9467234
7202291
6197200
6952906
3330969
6496215
5956669
3438029
2601042
9248733
6914066
2120009
3277277
7980854
8911381
6375234
9665092
3266285
1536926
9898227
8902397
8872071
2023993
3195550
8096673
6042235
1581768
3659553
5192974
3027468
8978022
7053068
6008865
6462829
9814668
2539334
7690009
9342192
1229991
8834720
3806572
4813222
8290082
7757228
2683192
4460573
7356712
9024429
1802261
4801949
1204643
6439602
7137370
7454043
6168881
8847950
5222510
6587287
4485008
8894174
8495553
1780006
8306326
8409586
4421334
3804552
9768238
5638766
9225504
6315114
1423794
4308817
8575456
5224572
7085957
8614222
8138748
5732084
9571307
6675845
1655467
7421406
2098262
8799028
8028527
9708436
3234734
7107747
1950453
5301917
1876103
5355824
5657640
7861750
9963169
9421197
3479759
6564944
4804975
1280088
8875612
8104269
6106784
3317590
6250534
9018710
6915110
2816314
9721801
9937150
4041535
6028041
6728898
1516172
4909923
5249412
9733424
7228787
5606222
2229194
1198503
4818148
9690190
5697857
9552535
2790286
7861253
5040303
4341538
9517524
6448752
4551891
8585609
2742448
5916474
5822824
5876628
2956420
5787952
1734557
3145789
6559938
3264946
3238060
8207542
5140956
6673476
1994093
2437618
6753557
5878087
6165887
3746852
4119120
6345596
5166229
1236594
1804767
3862357
4695104
6328583
2123640
1570666
6222224
5100649
2003668
8021106
2150169
8219504
9776764
1375735
1938028
1895374
8318234
8516269
9122751
5310121
2945279
7309938
4855559
3927908
9417228
1596821
7286371
2473083
9749803
6565297
8567369
4238744
2098607
5272360
6265747
5400854
2298928
8504787
9062865
8176595
3086689
6834916
1564331
2221662
5201857
2250040
9994130
2045253
8369666
5015817
5057638
2819924
1296301
5168608
1309181
4487897
9421728
8967207
9253242
5931451
7604054
7558264
3462578
8304309
3388207
3881066
4702540
9183002
8859673
6693503
1551090
6913992
3439416
6160680
9766715
6225149
7572256
2138599
2760329
3000080
9135713
5843689
7470281
5135890
2694254
4507303
5249022
8962298
6389734
2231894
4188918
8043485
5538977
3425815
5356817
9167547
1137925
9295812
2645942
5652502
5486910
8109119
4309076
1974507
7217126
7872880
6554682
9529865
3562823
4560504
6699979
3676359
2287588
8621596
6287983
7804276
4156717
3174345
8981248
7173479
9008764
8720676
3317016
2352329
1335081
8250250
2584966
7925812
8089899
1994496
6143187
5424410
4102996
5643919
8234109
9728913
5590164
5262615
2674843
4057642
7661664
2994571
7705833
4972384
2427111
2543914
6423266
4707847
4074632
6529621
4147676
2235453
2756209
9510364
8615986
6756245
6726586
7968359
3292172
3043652
1760870
5132501
4816759
2153350
5289696
6876492
5086402
4133150
7329379
4949312
3515546
7235500
5180931
8441321
9064003
5762091
9550158
6088557
3985734
5182625
9344794
3353246
8699449
8837035
9682541
8555032
3020842
5061384
5120933
7420614
3653242
7751909
4567530
1121288
3852000
6808529
6819278
4384489
4917244
1587496
2316770
2493247
7915092
5104171
2074347
8591788
5469953
5867158
2556062
3763641
6384500
1922488
7567002
1336871
5227822
2154941
7348392
3555178
6613081
6535607
1421417
3922378
8371309
8176337
6306371
5156002
1558730
5233128
3957569
8348106
4062669
5113615
3898671
2949222
1497694
1593743
5357196
5390070
7999769
5313140
8410242
8491108
1911746
4867834
2620518
2988284
7356283
7847438
4004173
9070734
5841035
2611556
3259998
5467804
2014448
7560906
4890445
6021135
2043545
1562927
6527605
4766592
8192214
3420460
2677598
9544948
4920535
8061191
9005189
6143140
9644026
5089403
3058234
9289572
7246323
3158189
7386530
2146623
5552394
2643392
5838743
9447175
3330235
2930565
3748555
9878453
8486197
9953177
7853709
3617296
1780659
8801273
9096554
5938990
9522120
8210090
3602047
6244337
1144186
8898098
2565628
4761520
1682268
9936214
7202998
2256009
9769977
6046963
2420369
7650516
9160878
9675414
6003504
3885964
1415472
7623604
6257903
6322744
1272678
4361550
9109056
2368871
2390675
1742174
8468365
2721326
4754884
3098319
4142957
4842679
5032827
6908132
7455024
4254799
5097719
1557444
2200524
6622820
2751124
9923292
7248800
6844842
8508822
8543010
5529948
9227347
4045299
2537905
6606410
7002155
8744369
7256927
1218823
5995355
7995008
9663996
6077679
5371906
3930310
8367971
9821957
4071266
4294800
1826166
2966956
5898267
7086282
4245191
5345149
3280939
2778285
6535643
4209891
9963291
2097551
2832855
4393926
4432679
2046268
5233101
1552985
2969218
2656996
3112632
1640095
5776539
6767476
4704973
8746359
9190767
2417884
3671666
6646063
2432246
7499951
2356981
7181702
5982931
1998415
6154484
6065148
7321494
4927515
6329267
4534541
3023528
6658893
1687146
7230799
9559930
6258670
7027567
5411872
9834373
2108216
5819904
5961516
3494553
7999669
7052164
5511874
3707722
2937916
1124197
9514231
8890050
1316241
7298348
7055289
7110021
9081352
6958917
8870005
4358772
7444166
4757067
6511018
8314945
3256465
4351326
8245963
4365329
9046566
7838856
4882875
3687754
5116722
5578017
2375537
4854958
5516428
6249537
5111562
7732345
4722922
5630060
1870396
5649223
2121324
4620638
2073904
7947250
7933239
9851601
2455619
1323420
7513217
9169539
9853384
2429062
7596839
5189903
6201031
8480260
9509724
3723291
1182644
5657134
8813241
6810577
6579845
1157374
6697782
6777187
9882062
2117856
7400874
4720464
8740720
7979586
5551812
9613029
5418776
7943221
8448567
4749849
1300781
3079828
1829185
2527987
2033398
2165173
9195884
9165821
3029447
3875819
5969732
8202143
4824301
3934896
9577816
8221296
1152307
2001466
9706268
3424238
9620934
8275748
6599835
4285884
9293379
9383107
8782140
2002340
7019083
1391545
7363528
1143581
9581732
1670106
4774368
3385831
3976193
2697790
5556922
8045990
7356288
7703972
6571918
3803309
2300966
4444055
5107275
8691986
1358218
2891403
6171801
4822719
2510503
8778075
9950996
5068157
3439503
6949026
6942867
9198840
2470685
4325177
1385955
3972563
7937697
6316316
8113711
1808383
1546265
8713693
5974172
5260935
1119695
8869631
5928992
5724123
4947126
5819686
8290180
6478928
7951636
3855799
3627165
1501820
7963704
2674345
7854390
3382184
6983291
1288157
6361935
6539602
4056898
9237791
4734795
9661847
4288819
5408378
4366353
7968356
1771385
5667355
4159947
9243264
6997776
9085241
7310795
4377708
8770392
3537289
5591178
7447295
1274096
7464850
6041060
2726989
8439052
7790281
7905928
3532178
9583196
6190431
8379876
7093621
1239470
2500705
2993255
7812757
4091862
1142863
5666015
1690473
6340350
3889300
6398783
3200868
3801758
5855891
7895321
9239937
5149934
7222082
5449909
7267055
4119861
9808581
1708813
4976012
8151041
6267889
7984732
6040021
1622704
6631560
5139679
4920972
9259831
1339420
8484774
7531076
4667734
3109931
7602257
8352933
6073609
4497460
2908727
6577947
8966009
9906645
6703804
3860865
6040261
2991678
9869341
9935457
5972105
6065077
9761180
1582168
7034092
7953736
5487074
5969072
8906401
3757270
3448769
5185066
7842264
4419010
3944158
8869864
7877900
8972142
5993648
6412327
5484027
3672476
6777320
7180446
5100254
5282437
1258320
5387122
4879695
3309350
5602387
8646716
8828181
1787746
9185196
2117486
4820141
9146358
6825482
7777279
9696312
1435443
6509469
3051092
9864540
2136397
2778571
8891781
6150867
6429473
4988581
1537415
9765857
8345510
3000615
2580243
6445109
7015624
5495764
8630478
1376224
1416407
6522389
1747523
5579889
5240937
3779928
2137360
9159845
3658475
6426945
4977717
4752980
6584828
6781492
7806243
1868875
5825038
3538852
5962902
6152167
5613523
9818102
5259605
5713220
2029893
6694642
2009024
1165693
3493138
7630247
7071465
1874172
6591796
3875906
9197966
7247830
5168063
2782852
2296506
6995157
4874731
9779989
7879016
4836881
9632946
9766749
8702773
3226131
6932226
9027048
5743626
2381748
8623558
8792360
2349263
5234902
5871525
5440340
7983745
9334149
4888063
9513325
5360933
5134196
5663793
9375246
8395691
2396056
3131187
3124199
2562933
6075798
7408679
4253172
2437126
9975282
2137727
3505950
1825262
4380611
2303581
4982270
9670833
8957066
9958481
2133070
3556527
1939272
8512697
6901499
9398816
5195991
8213179
1930918
2057216
9131238
5493724
9831095
9917904
8757731
9431792
4793805
6951073
9484525
3357965
3409506
8517119
1986014
7416697
5817086
9515674
6749034
3702173
4409371
7626610
1693270
2847129
5192159
2574376
3539706
6316860
1786169
8152300
5390308
9792625
7455451
2005091
2315403
9357816
4288994
9548461
3575210
5960783
7941287
6592264
3098178
3418586
7858764
5879470
6248028
9482911
6551348
8856562
2127067
6956515
4457851
4495242
1408699
4456346
2151671
4675124
3632453
2899413
8840491
6335166
2948160
4608350
8963452
8301772
2425562
7429609
6089515
4440950
5755032
1200836
7709242
4803196
7659289
9527664
6803028
8734289
3354396
5055772
4281485
8797897
3933114
7539240
2764039
6138749
9688452
1494177
2435088
9127880
6595137
9794488
6816012
1832784
9514173
2199107
6172285
9112497
7108649
7400643
4527777
6595917
1739031
6077131
2307376
7118263
4971422
7684525
1668658
6367499
2822502
1121525
9106676
3650434
9257760
2834338
9557860
4414592
2902546
5023814
8630210
6508600
2790323
6510421
7306168
6135753
4355181
2028413
5105977
4669418
2805931
1543769
8780013
3863597
4879072
6092929
6089752
7663279
9238543
4889631
6506988
6889195
9830347
2551677
2074264
8384781
6065621
5094383
8886645
4478686
3078076
6506502
2818108
1649674
2945978
9159179
9738709
2794475
2266515
7664270
1228194
8622249
6293911
1795707
5160802
2474114
6753297
2111803
5058898
7913827
2703958
3928631
1387250
2899730
6765139
8631195
9043129
4352829
4686829
3572296
7981985
9662835
6767931
8529207
4348890
9200927
4107945
5206457
4382478
8102627
7819912
3359849
4313565
4937600
5579417
5536810
9258067
9045384
5829624
4918066
4610565
5679984
4117567
2625321
3938754
5604669
1297433
8446307
4169082
7631720
7282017
1350476
7820799
3370645
8219435
4500017
1675149
9453593
1313583
8408400
4892851
6927064
9147364
3842436
2043828
6538505
8486984
1407704
2129314
1986776
8957888
2109178
2505055
3462333
3210682
5064771
2806326
3373382
6459042
5109155
4161620
6582359
4217402
7866760
7240683
1588648
1878029
3141954
4293455
4247135
4675774
3651462
8985869
7895314
2291874
1432711
4121079
6443513
3381748
3966939
1640521
4590468
3350860
5946561
3219049
9962108
7744300
5507770
2784544
7695843
8261736
4700279
9859948
3580088
7968644
6404776
2859944
3380593
8668488
2389673
1726817
5190982
9769240
2869714
3304488
3478257
6519901
6513708
8298286
4826943
4393992
9581308
2041544
4281211
1826156
4354309
2051964
8380916
5303315
8239079
3909489
1998103
3837292
4768631
5794477
6462935
3120962
8242868
9065453
7036409
9474286
7772222
9467033
4779359
4068262
3477886
8330085
7906014
7006084
4574410
9523726
6514178
9517098
5827059
6576391
1419914
9156147
2963405
3597403
1281303
7245311
9423895
8006053
2776959
9159246
3749230
7931313
6114894
4915160
8227861
7500218
4836956
9901906
1318776
1526310
5914824
4622220
3029715
2849881
7067488
2580794
3621351
3354759
6862869
6426971
3370583
6359308
5812357
7919055
2397428
1381782
4595391
6629533
5070305
2774895
8156557
2747757
1313629
4312717
8474327
3063819
1185923
3690412
3961828
9175425
9784258
6636539
3978194
5710632
2155195
8626120
8402811
5871815
2805866
3079469
5394792
8715600
6879157
8533411
8656138
2681647
9425077
6075995
7612879
6642758
5913593
7167326
7632729
1404727
7023103
1701105
4191838
4833190
1550006
2077875
2922487
4552930
7947794
8827601
8083226
3471774
8425199
3820493
3043999
7050545
9106332
5675712
1794594
9387218
9459748
9386183
3823840
1244225
5539367
6934556
5718761
5037904
6082431
5597840
8387496
7434859
6243782
8958176
3303377
4446114
7847683
6443823
6071087
6503485
8448729
1962103
4329079
6231921
7868895
8396689
3461185
8180810
2734431
8698862
4941970
9233616
7660335
2853050
9786539
6092651
7088011
2762810
3908200
2170595
9804818
9794728
3409828
5625469
2545876
4773528
2941708
9933461
9087260
4696939
6902289
4831410
1431849
4621056
4558947
3416171
8907446
8551054
7608811
5998893
1888184
9838186
6671926
2306007
1176219
2515216
1368588
3560168
9863955
5484198
9536126
9351146
1922627
7855863
7476308
8088144
1823127
8689582
5142805
2527461
5354397
9478034
7353123
6043868
7322793
8142790
7447755
4971829
7130855
8995322
2092572
9359245
2134910
4098304
2496082
9349710
4913431
6415772
5896529
4588349
7002057
8102224
3170598
1111697
2476604
9391496
5803697
7165882
2061671
9411742
6402949
2815282
2905825
4049724
6184379
4196525
2074706
3101134
1380764
7806090
3077662
9366520
6122746
8631431
7264841
4427028
8769434
8311853
4656545
5614958
1880814
4282548
8857665
9923166
2680532
4160022
5237661
9446106
1270186
1133952
3545563
3201143
2473971
8678616
3332842
7514902
1542920
8221156
7959219
6083990
2826735
2387209
2264876
3113719
8439697
1501826
7772791
8524538
8878147
7605513
2871560
9965846
5143448
5018351
9378357
6699130
6958598
4335012
5783314
6353151
9014697
3409782
5720197
2073309
6021413
6016801
1351256
8465638
4200839
5389398
6689560
1170501
4383731
4642509
3877739
2834571
5001487
5426140
3478387
2347513
8320758
4378361
2411117
6156147
4431403
9091670
2764319
5062236
6609621
7725748
1457810
8920824
8118762
7017683
9829791
2300737
4218235
4445841
2289419
4049968
7485718
5036019
1630467
2524920
8809731
6276121
9430999
4323741
9563659
5006064
5676801
5389437
6010148
5476561
5362897
6686011
6659627
2717847
1676106
9555841
6301810
4429222
2938854
7734013
1407838
2524524
1411549
3449542
6117335
6156038
5070912
9214568
8365295
7243511
2323774
3646256
9320405
6976530
6118429
2282726
5532582
6966807
3143138
7880484
4338663
7083392
8330950
1998691
5111446
8504358
8418686
2473054
4096303
2473723
9530888
1745869
8472462
6587562
1286435
1359145
2643101
9222727
8451449
4706017
8824768
7951477
3866826
8317098
9895238
8131933
9328509
7623517
9453343
1882564
3652107
1809146
3148257
6327798
4235188
6898363
6854166
5196844
3121257
9732509
7190470
6406983
2054085
1642565
1132998
7766889
9860674
1635013
6002718
5571066
7778703
4151577
4493169
3027646
6878903
4913872
9217151
5746580
2780150
5470037
4821684
8331564
3107730
3388661
9718546
9609884
4868918
1202877
5334642
2632389
3049552
5596811
5859880
6613371
1714615
8319723
6799006
7194154
3072796
3460289
2541756
7572776
5554553
2949628
1380437
7958643
5880778
7574610
8041384
3514111
3045822
9750027
5699179
4142890
3817729
5784935
8984133
7049740
4754814
5303439
7690940
9483440
2454187
5195671
6674671
1602406
2594228
9943309
5241684
7643374
9568538
9000239
1817277
2324899
1755641
5859920
4807206
3140420
6625919
7173190
1291659
8707283
3760653
3415951
3345429
9296586
3040776
8761154
6152734
7607656
5645782
3575333
5779876
5570649
1492899
8712010
4881185
1236094
5927633
2864271
4099096
5547503
6787940
5816799
4239092
5178671
3699336
3800938
3709456
3326610
5139598
1818889
8353415
1466495
5407854
7462209
6512889
4711397
7507572
8998637
2249626
2311417
6928414
5284261
8075622
6064027
2960540
6366118
7220392
4480024
3645592
4966366
4859650
6097709
4910020
6497839
5567738
5043015
5963494
7329283
4738838
2907303
4687496
1724695
2225761
7263066
7614779
8105118
6084279
2179799
8214036
8666553
6738694
2279991
8366415
5354604
2272705
6837053
2792830
6588182
5836375
5270116
1407672
7807496
7362547
5743306
9171588
7214416
2006802
6815074
7916398
8228806
8158632
6859792
2703450
3259984
7168569
2202615
2600300
9507915
2821650
2827521
7802813
1959732
2315541
6419504
6573303
6912941
1777018
4827653
9185843
5767687
9625000
3778820
2029178
6601515
7924633
5061655
6667778
5485697
4760613
3894701
4006177
8278688
6089366
6463843
9984616
8494700
9269323
8425452
7799171
8654058
7416349
8037514
4455148
6808640
4472230
3954260
9366854
9795713
7211554
9537165
1346159
8976256
9355196
2291563
5321612
3761506
5495618
1152425
6649840
9678620
5788575
8655513
8161133
2132549
7044076
1890585
2404320
8344688
2014571
2659068
9814792
1717644
9521490
8906673
9760869
6618346
9779239
4674033
7570094
4668120
7764577
3145549
8240781
2204382
9508936
1143356
2886612
8144408
2776835
2458946
2281667
1433462
6207895
6701699
2244091
3284776
2426299
9889879
1692253
7214911
7394263
3676333
1871761
7235145
1498517
6150456
2304709
2282697
5597290
8306581
4922898
8414740
1492397
8994379
7184674
7585042
6339707
6337321
2353376
7499740
6567861
3059002
7169619
2030958
3367669
1369295
7142165
8640518
5895164
2608559
6589294
3982324
9728121
8741658
9184450
9405767
4493747
7334849
6370854
2984230
9452125
2393072
5998533
1628346
8943596
2284144
7347391
2362890
7424098
6628915
4275040
5716555
5223430
1155045
8610060
3618964
2467586
8628303
4413082
8254830
8583069
4908888
1619748
2765809
4737284
6249501
2494419
8810694
6003511
2332293
5759190
3890533
8623455
5581242
3875731
8316201
9569126
6714161
7740818
8539101
2637987
5783181
4707176
2412119
9928317
8094044
2026676
2496314
6919422
1664825
9439410
9002899
3053310
3920676
2267915
3580631
8006343
9205644
7190757
4537867
4916932
5557549
5287044
8395082
7654509
2776408
1326390
7495388
4508033
4150640
3166172
8572751
9018854
9231772
8561565
5980877
8188255
6069323
9598779
1115894
2649375
4202044
7642752
4225951
9643721
3088440
1240763
3867197
5413827
6272292
2405587
1985793
1339744
5743411
3341631
9241718
8671341
6302646
5169472
8406676
7265326
5534765
4222525
8637431
5437885
2886935
9461200
2605774
2528108
6418102
8957974
3573677
7753436
6540393
5537493
6604722
2441466
7634835
9104398
4292708
7377991
2108889
2955449
9887227
2014818
5802120
8630384
4772260
1525979
4859648
2690161
3649196
9183803
2308992
7488035
7595385
2816817
3459544
1553334
8137486
1134152
6714567
8013741
5948413
9058242
7728325
1344844
8216676
9260508
6471903
7869475
4110673
2401651
9262929
9626308
6082398
7293783
6820922
2202791
9251858
2819230
5014828
5512380
5966896
8728385
4716827
2379954
9502466
4755394
5103019
7326919
2375512
4575197
3029804
6206819
9485118
8530867
3592135
6540252
9134860
3171374
8522958
1869581
3329414
1764844
9570760
5170995
4909825
4597883
1772068
5262206
4826070
5524134
7921692
7388891
8643369
1526640
5550842
4284080
3126739
9230594
9208338
7483265
5649241
5103397
2580319
4751278
7102384
2176812
2814429
4182409
8271145
6305446
8657890
6105844
9643590
4570420
3816499
6829670
4405594
1302448
6996810
7436314
6684391
5807005
2578401
3706858
9003656
4696751
9055741
1406019
6414593
2619742
1118863
8706960
2133923
5624357
7970694
4876336
7474113
1384542
7265642
2455547
4706433
1138212
6288940
9929082
9043154
6314870
6752109
8469226
2001561
5325076
4065203
5308910
5184273
9848830
9059049
8207749
1560206
2099122
3603896
3342663
8335128
3411278
7177505
1417634
9001226
5401228
6282437
8739285
2274154
6025768
5762141
2329238
8919706
5561975
8503916
7428762
2452403
7245095
5191449
3463640
3860125
4226869
4883225
6415837
2367879
9836807
8962686
1196496
9928362
6945524
2847414
2155947
3624950
2625499
3742158
7747431
4172012
5398139
9349191
4316601
8932302
5213925
3743978
8399024
9090765
7341177
3306856
7543225
2919324
3950663
7485141
5042105
5779052
5932522
3707291
1894599
2732109
2031569
5333882
2431886
9804658
2691501
7685795
9818235
6227463
5194472
1451670
2481432
9266307
7480590
5694148
7946972
8586936
5285984
8117514
3612539
7974954
3490821
7029596
2085648
8350172
7077978
7425123
7932645
6624611
2849530
1139602
1746830
6346292
1595594
9727668
1757242
1596907
4074224
1171115
8218234
2109228
4799998
1356908
7134446
9212357
7129219
4541982
5970957
8934498
1858261
9523619
4044143
6713856
5138089
5244363
5625006
4842546
8273944
2060762
5468884
3782768
4328314
8101304
7208986
3672497
6020104
5837277
6656866
1838115
1267319
7181224
1366411
8170431
9036960
8620015
1757417
3795381
5902502
5400959
2792073
9269499
3031005
1401912
1412603
5614806
6074944
3456004
8744910
3724144
4375505
9481291
4795470
6268837
9718186
5923765
7944605
3917317
3379207
3328810
1436891
8190840
1433660
9304507
6848944
2839054
2837988
8559083
5864327
5187790
5862398
6715883
9231523
3774269
6879416
2554917
7399783
3364030
2791209
7188872
5818442
8187177
8217389
3866117
2470768
1120872
5618785
7603807
1677476
6486399
8067858
1695911
5959373
7052479
3443438
7483706
5355280
6688958
7700451
4489246
3610684
3421026
9219164
8674502
9472831
3709693
6471114
2112453
4695812
2206558
9891033
4730806
2696559
7703337
8934371
9151945
3179782
6408683
3748904
9254201
2154871
6987953
3472426
1889438
4129412
9566358
8335443
5071494
4728644
8320614
1317148
2191901
6335145
6736315
2556335
5414104
4060367
5408629
7707018
3340586
7087567
1523300
2371803
1559623
1158185
8624957
3358852
6780016
7426030
6080151
2490357
8429192
4637818
2392700
9081956
5732678
5455190
9183593
4631072
6111641
3445969
6348272
2576429
9437857
4680693
4252738
5062073
1972097
1872107
5808742
9587500
7136873
8210601
1366914
4189606
1179950
3197549
6631838
8147910
6947243
5858108
2669966
4332355
8146959
6379901
4365558
7980387
2773567
2092780
8604997
9547756
5711085
8893898
5742541
8676687
6240237
2422531
9323414
6748536
3453486
4116364
1500712
1801469
9299170
7285611
5555637
1168462
1427597
8002419
7863540
9692502
1602623
7353302
4149825
2962727
9101591
8705455
8940080
7845922
7599335
6410548
7717360
5445705
5661739
4650388
2012549
7382174
1720556
9324078
4154344
5560817
2329290
2235989
3239703
2907437
6144565
9913947
8373336
9124208
4284178
3437376
3312821
4920807
7328052
5211839
6101864
5434613
3879477
9920823
6669628
8390829
7199795
9577092
1423604
5210709
7563173
2890853
6548156
8110185
8392148
4988390
8830009
8955090
3738538
1596799
3286963
6859707
4357445
9544246
2523745
6421710
5041200
1616102
2045164
4233006
1738152
6183607
5846396
8313223
5920384
5157299
2557313
4859280
7996755
2331897
4250793
9562268
2484362
7515070
2165994
9443294
9228872
2739716
5834854
2333078
7231241
7530244
7769248
9174568
4023088
8479078
2914547
7416989
6571298
1479428
2758485
8887018
8397619
2652850
1377144
4447389
3951263
5138540
4397062
1284521
4704603
9500667
3609898
8182034
6321462
3247229
8291245
3724299
8361043
5150793
1273093
3899406
2442377
5402986
2991245
9918126
3298760
5445975
9802087
7460373
7521160
3066249
3441286
8815816
4039058
3366723
8833670
1514224
2925768
6365778
8557386
2827740
1400724
6769949
7100743
2504968
8114247
7995052
3752407
4855033
3921859
7716330
2593532
2512073
3196029
3544521
8964864
4661007
6814395
7089241
6608153
3634308
9905509
2450575
6852212
6336973
7366198
5032640
1195374
9334378
8411302
3524919
8770576
1466986
4096493
4685785
9806578
8480295
8828491
2607241
7933518
5640825
2420661
5879616
4224903
5402868
5083899
9978676
8765697
9156006
7424286
7724676
1521137
9075774
2322762
9450800
4360783
2252614
1528674
2710937
3370378
8714463
7682714
1404001
7283150
7547449
2415986
2302165
9142613
1189025
8151353
3514911
7652972
5014550
7440296
8459416
1727089
4853013
7065383
6603429
9635987
8978085
3731266
2984607
9685064
4408138
9397212
9388122
6994163
3366756
5057041
7631708
4527345
5010462
9714971
1925756
4693601
8021246
3644390
3180008
8183239
4966765
3217638
6549856
2193648
2403233
9451567
6434764
2079026
1553963
7291071
4627360
6169532
9040314
1340097
9125797
2225946
5352060
3277003
4102564
7002450
1838043
4376612
9021527
9839051
5413499
1455729
2551575
1389246
6917758
6921245
4845713
7000192
5751092
4770434
2297382
4353582
1592263
4364334
4692309
9695014
2263007
9058166
8475746
4053106
2944955
6241725
1792481
8682694
3478682
1314053
6592540
5762245
3215646
3724601
1809527
3704165
3725186
9225111
7133710
7817054
1422654
5957001
5017564
7493515
2036019
3969063
4992319
5605952
9515708
3894277
7788906
6933134
8289688
5810624
9799089
3572354
8582978
2683608
6770137
9347610
4124543
6438422
1741815
5620373
6010339
8487472
9340290
3289309
5328934
6508641
9024313
7143799
8453211
7447006
7663670
4352680
9317746
3017800
6492348
2327803
5054877
8986008
9730245
2195542
4709897
1404188
9881931
7421241
3157725
2356685
6839137
5594292
9265120
1922475
6234981
5452372
7362553
6069706
4740710
4218250
5147658
5548047
7920417
8649536
5034364
1537425
8898334
7573759
2566068
2163401
5912240
6022977
9049641
2744044
9144933
1282683
5389703
5247143
7041625
9095998
4907669
5132009
5928689
9620253
7519997
7422052
6619753
4107644
2421782
1631468
3743205
1720632
8502965
1512005
3009068
5890935
2712171
8205303
2427198
9524597
